-52.7935 7.4922 5.8621
-52.2538 7.2094 5.9951
-51.6961 6.9428 6.0796
-51.1703 6.6135 6.1522
-50.6597 6.2977 6.3208
-50.1505 5.9902 6.5105
-49.6885 5.6213 6.7079
-49.32 5.2055 6.9922
-48.9372 4.8283 7.3083
-48.5216 4.4599 7.5933
-48.1276 4.0648 7.8746
-47.7737 3.6675 8.2012
-47.4417 3.2957 8.5771
-47.1238 2.918 8.9587
-46.8449 2.4925 9.3217
-46.5138 2.0927 9.6677
-46.1127 1.6958 9.9337
-45.7419 1.2648 10.1905
-45.4281 0.83028 10.5116
-45.1537 0.39489 10.8658
-44.8748 -0.020368 11.2398
-44.532 -0.36725 11.6293
-44.1834 -0.72291 12.0051
-43.8225 -1.1045 12.3428
-43.3965 -1.4731 12.6107
-42.9675 -1.8347 12.8831
-42.5865 -2.1849 13.2331
-42.1962 -2.5398 13.5672
-41.8236 -2.8914 13.9228
-41.5121 -3.1975 14.3685
-41.2229 -3.481 14.8442
-40.8931 -3.7792 15.282
-40.4904 -4.0569 15.6707
-40.0891 -4.3263 16.0665
-39.6718 -4.5403 16.4776
-39.2134 -4.7076 16.8681
-38.7617 -4.8858 17.2614
-38.3077 -5.0833 17.6424
-37.8574 -5.3485 17.9839
-37.4085 -5.6101 18.3296
-36.9438 -5.8567 18.6661
-36.4661 -6.1357 18.9566
-35.9891 -6.4107 19.252
-35.5103 -6.6615 19.5653
-35.0163 -6.9145 19.8519
-34.5097 -7.2081 20.0685
-33.9875 -7.506 20.2394
-33.4363 -7.7709 20.363
-32.8686 -8.029 20.3663
-32.315 -8.316 20.3282
-31.7428 -8.5618 20.3606
-31.1395 -8.7149 20.4109
-30.5186 -8.7652 20.3898
-29.8951 -8.7473 20.3921
-29.2743 -8.7454 20.4632
-28.6549 -8.815 20.4834
-28.039 -8.9185 20.4906
-27.4185 -8.9747 20.4664
-26.8083 -8.9877 20.3341
-26.2185 -8.9852 20.1285
-25.6494 -8.9049 19.8868
-25.0802 -8.8162 19.6478
-24.5112 -8.8188 19.39
-23.9565 -8.8881 19.1115
-23.4455 -8.9924 18.77
-22.9573 -9.105 18.3972
-22.4947 -9.2313 17.9987
-22.1094 -9.3023 17.5132
-21.7501 -9.3789 17.0087
-21.3905 -9.4816 16.5083
-21.0536 -9.5017 15.9833
-20.6773 -9.4995 15.4864
-20.2102 -9.5241 15.0728
-19.7552 -9.5961 14.653
-19.3596 -9.7619 14.1992
-18.9893 -9.9792 13.7451
-18.6717 -10.2674 13.2925
-18.3794 -10.6559 12.9017
-18.1252 -11.1215 12.5733
-17.9361 -11.5988 12.2181
-17.7322 -12.016 11.8006
-17.4767 -12.3551 11.343
-17.2135 -12.6307 10.848
-16.9777 -12.8302 10.3059
-16.7765 -13.0105 9.7429
-16.6056 -13.2301 9.1833
-16.4596 -13.4849 8.632
-16.3432 -13.7241 8.0673
-16.24 -13.9623 7.4995
-16.0939 -14.2803 6.9831
-15.9066 -14.6257 6.497
-15.6651 -14.9488 6.021
-15.4265 -15.2998 5.5644
-15.2152 -15.6959 5.13
-14.9608 -16.0556 4.6875
-14.6982 -16.353 4.2049
-14.3812 -16.6133 3.7347
-13.98 -16.8537 3.3208
-13.5445 -17.146 2.9839
-13.1353 -17.5018 2.674
-12.7733 -17.8403 2.2944
-12.4725 -18.198 1.8808
-12.2854 -18.6138 1.4557
-12.2322 -19.0717 1.0356
-12.2049 -19.5555 0.64135
-12.0859 -20.0329 0.25743
-11.8396 -20.4641 -0.11926
-11.5135 -20.8297 -0.50703
-11.1736 -21.1904 -0.88743
-10.788 -21.5373 -1.2347
-10.3926 -21.8394 -1.6115
-10.0326 -22.1209 -2.0378
-9.7024 -22.3863 -2.4967
-9.4157 -22.604 -3.0069
-9.1882 -22.783 -3.5601
-9.0336 -22.9314 -4.1466
-8.9446 -23.1036 -4.7395
-8.9479 -23.3058 -5.3299
-8.9872 -23.4427 -5.9379
-8.968 -23.5915 -6.5434
-8.9377 -23.8452 -7.1125
-8.9336 -24.1292 -7.6691
-8.8628 -24.3637 -8.2426
-8.7086 -24.5616 -8.8149
-8.5362 -24.762 -9.3813
-8.3767 -25.0073 -9.9331
-8.26 -25.3484 -10.4418
-8.1753 -25.7794 -10.8857
-8.0688 -26.2105 -11.3247
-7.9554 -26.655 -11.7477
-7.8174 -27.1591 -12.0887
-7.6406 -27.6466 -12.4362
-7.4573 -28.1306 -12.7851
-7.3043 -28.6159 -13.1455
-7.1758 -29.0158 -13.6064
-7.0703 -29.3415 -14.1286
-6.9313 -29.6545 -14.6498
-6.743 -30.0047 -15.1314
-6.5555 -30.3321 -15.628
-6.3496 -30.6172 -16.1446
-6.1728 -30.9172 -16.6632
-5.9803 -31.1801 -17.1955
-5.7698 -31.3769 -17.7495
-5.6025 -31.5783 -18.3166
-5.393 -31.8203 -18.8522
-5.117 -32.0758 -19.3512
-4.8567 -32.2977 -19.8731
-4.5958 -32.4937 -20.4058
-4.3441 -32.7671 -20.9067
-4.1883 -33.0798 -21.4234
-4.0899 -33.4141 -21.9415
-4.0479 -33.8164 -22.4163
-4.1421 -34.225 -22.8775
-4.2462 -34.6365 -23.3343
-4.343 -35.0406 -23.7995
-4.5281 -35.4454 -24.2368
-4.6821 -35.894 -24.6423
-4.7521 -36.3074 -25.1041
-4.7355 -36.6713 -25.6107
-4.711 -36.984 -26.1494
-4.7247 -37.2766 -26.7011
-4.6579 -37.6022 -27.229
-4.5511 -37.9167 -27.7582
-4.5006 -38.1615 -28.3295
-4.4122 -38.3662 -28.9118
-4.2149 -38.5581 -29.4723
-4.0061 -38.6775 -30.0483
-3.7575 -38.7831 -30.61
-3.4611 -38.8724 -31.1521
