-52.6717 10.3366 9.4892
-52.6255 9.7236 9.5972
-52.5242 9.1372 9.7866
-52.3562 8.5884 10.0322
-52.0997 8.0799 10.2876
-51.7551 7.5915 10.4651
-51.3854 7.12 10.6391
-51.0401 6.6535 10.871
-50.7147 6.146 11.0294
-50.4172 5.6037 11.1183
-50.1086 5.0624 11.1404
-49.7423 4.5573 11.1401
-49.3581 4.0652 11.1634
-48.9858 3.5707 11.2379
-48.6203 3.1021 11.4299
-48.2003 2.6879 11.631
-47.7082 2.3278 11.7665
-47.2118 1.9734 11.9017
-46.7053 1.6535 12.0778
-46.1701 1.4132 12.2916
-45.6119 1.257 12.5237
-45.0518 1.1449 12.7766
-44.51 0.99429 13.0484
-43.9721 0.77086 13.2732
-43.4721 0.46518 13.4869
-43.0101 0.10696 13.7077
-42.5522 -0.22093 13.9755
-42.106 -0.52341 14.2916
-41.7169 -0.8745 14.6293
-41.4249 -1.2922 14.9899
-41.1213 -1.6912 15.3606
-40.7208 -2.009 15.7183
-40.2779 -2.2588 16.0803
-39.8616 -2.4928 16.483
-39.4463 -2.7775 16.8522
-39.0549 -3.1528 17.1595
-38.6983 -3.5794 17.4449
-38.3341 -3.9678 17.771
-37.9157 -4.2955 18.0971
-37.4541 -4.6283 18.3538
-36.9853 -5.0059 18.5176
-36.4711 -5.3527 18.588
-35.9559 -5.7047 18.5874
-35.4821 -6.1112 18.5622
-35.0278 -6.5328 18.6294
-34.5797 -6.9432 18.7755
-34.1275 -7.3651 18.8562
-33.6609 -7.7726 18.9282
-33.2034 -8.1819 19.0427
-32.7327 -8.5862 19.1076
-32.2377 -8.9585 19.1868
-31.7762 -9.3555 19.327
-31.3598 -9.8022 19.4573
-30.9645 -10.2788 19.5416
-30.5397 -10.7278 19.6305
-30.0887 -11.1535 19.7044
-29.5919 -11.5252 19.7649
-29.0732 -11.8561 19.873
-28.57 -12.2107 19.9808
-28.0389 -12.5142 20.1021
-27.4588 -12.7125 20.2169
-26.8496 -12.8452 20.2145
-26.239 -12.9033 20.1008
-25.6469 -12.9121 19.9031
-25.0628 -12.9093 19.6818
-24.5005 -12.859 19.4174
-23.9912 -12.8012 19.0604
-23.5186 -12.7698 18.653
-23.0808 -12.8175 18.2117
-22.6884 -12.8839 17.7313
-22.3513 -12.9227 17.2069
-22.0816 -12.9622 16.6454
-21.8797 -12.9098 16.0576
-21.7004 -12.8075 15.4678
-21.5097 -12.7119 14.8804
-21.3205 -12.6265 14.291
-21.0858 -12.6117 13.7135
-20.7935 -12.6655 13.1638
-20.5056 -12.8142 12.6313
-20.2153 -12.9959 12.1092
-19.9208 -13.1948 11.5964
-19.6364 -13.3921 11.0773
-19.3067 -13.5044 10.5593
-18.9239 -13.6474 10.0877
-18.5211 -13.902 9.6855
-18.1115 -14.2554 9.3745
-17.7115 -14.6136 9.0567
-17.3167 -14.946 8.7043
-16.9165 -15.2984 8.3786
-16.561 -15.6732 8.0284
-16.2107 -16.0691 7.6975
-15.8669 -16.4768 7.3739
-15.6063 -16.8686 6.9638
-15.3149 -17.2263 6.5442
-14.9431 -17.5055 6.1286
-14.5862 -17.7635 5.6861
-14.2492 -18.0632 5.2535
-13.9391 -18.418 4.8449
-13.6328 -18.8042 4.4614
-13.2741 -19.147 4.0817
-12.8601 -19.4351 3.7139
-12.396 -19.6233 3.3421
-11.9554 -19.7472 2.9174
-11.5869 -19.8165 2.4194
-11.3171 -19.8533 1.8583
-11.1229 -19.9605 1.2746
-10.9649 -20.1272 0.69351
-10.8964 -20.3139 0.1025
-10.8918 -20.4946 -0.49576
-10.8149 -20.631 -1.0994
-10.6246 -20.6728 -1.6915
-10.3193 -20.6412 -2.2341
-9.9388 -20.6548 -2.7286
-9.5056 -20.7711 -3.1613
-9.0241 -20.8522 -3.5487
-8.5663 -20.8411 -3.9732
-8.1385 -20.8699 -4.4269
-7.7088 -20.9007 -4.8788
-7.3134 -20.9353 -5.3598
-6.9204 -21.0758 -5.8228
-6.4729 -21.2226 -6.2327
-6.0333 -21.3886 -6.6429
-5.6336 -21.6433 -7.05
-5.2861 -21.9049 -7.4973
-4.9808 -22.1582 -7.9801
-4.7058 -22.447 -8.4608
-4.5201 -22.7651 -8.9646
-4.4658 -23.1039 -9.4851
-4.443 -23.4773 -9.9849
-4.4521 -23.8524 -10.4827
-4.5393 -24.2457 -10.9596
-4.6175 -24.6722 -11.4097
-4.6533 -25.0787 -11.8826
-4.5863 -25.4612 -12.3705
-4.4315 -25.8022 -12.8704
-4.243 -26.1355 -13.3639
-4.0217 -26.5148 -13.8081
-3.7492 -26.8727 -14.2406
-3.4882 -27.2017 -14.7025
-3.307 -27.5504 -15.1881
-3.125 -27.8497 -15.7043
-2.9019 -28.0177 -16.2615
-2.685 -28.1224 -16.8381
-2.5523 -28.2428 -17.4354
-2.4786 -28.4252 -18.0273
-2.4059 -28.6942 -18.5865
-2.3616 -29.0453 -19.1
-2.3457 -29.5048 -19.5212
-2.3334 -29.9772 -19.9288
-2.2426 -30.4238 -20.3545
-2.1102 -30.8669 -20.7744
-2.0058 -31.3011 -21.2117
-1.929 -31.781 -21.6028
-1.929 -32.2969 -21.9543
-1.9291 -32.8369 -22.2662
-1.9014 -33.3721 -22.5856
-1.9295 -33.9082 -22.9029
-2.0249 -34.4622 -23.1752
-2.0962 -35.0172 -23.4514
-2.0856 -35.5676 -23.7465
-2.1025 -36.0806 -24.1012
-2.184 -36.5517 -24.5034
-2.2984 -36.988 -24.9358
-2.3952 -37.3584 -25.4277
-2.4842 -37.7239 -25.9253
-2.6295 -38.0691 -26.4235
-2.8467 -38.3227 -26.9509
-3.0957 -38.5738 -27.466
-3.3388 -38.7943 -27.9969
-3.5164 -38.9854 -28.563
-3.6371 -39.2502 -29.115
-3.7375 -39.6139 -29.6118
-3.7699 -40.0243 -30.0818
-3.7252 -40.394 -30.5821
-3.599 -40.7566 -31.0741
