-6.1868 -33.3482 -30.4934
-6.2453 -33.3401 -30.2937
-6.3857 -33.3351 -29.6849
-6.5194 -33.3174 -29.0751
-6.6789 -33.1862 -28.487
-6.8037 -32.9894 -27.9078
-6.9115 -32.7809 -27.329
-7.0384 -32.5278 -26.772
-7.1238 -32.2246 -26.2327
-7.1875 -31.9467 -25.6776
-7.2442 -31.6813 -25.1152
-7.3413 -31.3687 -24.5839
-7.4739 -31.0981 -24.0374
-7.6076 -30.8775 -23.4683
-7.7097 -30.6335 -22.903
-7.7654 -30.3121 -22.3712
-7.8034 -30.0006 -21.8327
-7.7884 -29.8221 -21.2355
-7.7529 -29.6619 -20.6332
-7.6925 -29.4309 -20.056
-7.6247 -29.2258 -19.4704
-7.5701 -29.0868 -18.8637
-7.4992 -28.9834 -18.2515
-7.3733 -28.8505 -17.6553
-7.2559 -28.6252 -17.0858
-7.1284 -28.3861 -16.5243
-6.9466 -28.1399 -15.98
-6.7725 -27.8293 -15.4666
-6.6423 -27.5219 -14.9395
-6.6031 -27.2849 -14.3637
-6.6384 -27.0561 -13.7838
-6.6284 -26.8014 -13.215
-6.58 -26.5477 -12.6463
-6.5495 -26.2537 -12.0962
-6.4209 -25.9285 -11.5802
-6.282 -25.6327 -11.0493
-6.2881 -25.3586 -10.4895
-6.4083 -25.0893 -9.9389
-6.5452 -24.7857 -9.4108
-6.6721 -24.449 -8.8999
-6.8077 -24.1458 -8.3707
-6.9878 -23.8417 -7.8563
-7.2051 -23.5201 -7.3665
-7.3651 -23.2418 -6.8319
-7.5252 -23.0444 -6.2622
-7.7845 -22.9373 -5.7051
-8.1132 -22.8347 -5.1845
-8.4915 -22.6814 -4.7117
-8.9053 -22.4887 -4.2854
-9.2982 -22.2873 -3.8441
-9.6459 -22.1641 -3.3408
-9.9645 -22.1224 -2.8051
-10.2991 -22.1531 -2.279
-10.6459 -22.1878 -1.7609
-10.9338 -22.2242 -1.2086
-11.2024 -22.2468 -0.64586
-11.5464 -22.1897 -0.12859
-11.9614 -22.0567 0.31788
-12.3495 -21.8521 0.76163
-12.7195 -21.6317 1.214
-13.1421 -21.375 1.5942
-13.6016 -21.1336 1.9407
-14.0825 -20.9481 2.2941
-14.5753 -20.7956 2.6465
-15.0676 -20.6469 3.0013
-15.588 -20.4573 3.2878
-16.1056 -20.2013 3.5238
-16.6147 -19.8913 3.7074
-17.1605 -19.64 3.8735
-17.7283 -19.4901 4.0859
-18.2998 -19.3302 4.279
-18.8346 -19.0588 4.4511
-19.3146 -18.7215 4.6646
-19.741 -18.4019 4.9883
-20.1008 -18.0828 5.3865
-20.3946 -17.6788 5.7597
-20.6579 -17.2377 6.1153
-20.9098 -16.8458 6.5309
-21.1723 -16.4787 6.9628
-21.4841 -16.1288 7.3759
-21.8289 -15.8437 7.8115
-22.234 -15.5865 8.2092
-22.6827 -15.3776 8.5885
-23.1105 -15.2442 9.024
-23.541 -15.1486 9.4666
-24.0154 -15.1336 9.8711
-24.5116 -15.192 10.2465
-25.0218 -15.2238 10.6049
-25.5377 -15.2358 10.9571
-26.024 -15.3246 11.338
-26.4742 -15.4397 11.7553
-26.9226 -15.4639 12.1884
-27.3344 -15.398 12.6522
-27.7077 -15.2872 13.1409
-28.0786 -15.1432 13.6227
-28.4246 -15.0004 14.123
-28.7692 -14.8564 14.624
-29.1234 -14.7115 15.1181
-29.5122 -14.532 15.5712
-29.9189 -14.3397 16.0041
-30.3573 -14.1668 16.4126
-30.8665 -13.963 16.7099
-31.4041 -13.7237 16.9195
-31.9168 -13.3982 17.0595
-32.4334 -13.0563 17.1342
-32.9983 -12.7923 17.1215
-33.5806 -12.5871 17.0265
-34.1448 -12.3494 16.9061
-34.6696 -12.0403 16.7663
-35.2001 -11.725 16.6754
-35.7537 -11.4438 16.6096
-36.2802 -11.1257 16.5063
-36.7687 -10.7511 16.3986
-37.2872 -10.4257 16.2767
-37.8358 -10.1351 16.217
-38.3851 -9.8436 16.1659
-38.9416 -9.5676 16.1035
-39.5252 -9.3532 16.0544
-40.1243 -9.2199 15.9385
-40.7164 -9.1559 15.7523
-41.2893 -9.1137 15.5069
-41.8371 -9.1162 15.2094
-42.3844 -9.1397 14.9106
-42.9397 -9.0491 14.6409
-43.5138 -8.9253 14.4315
-44.0914 -8.79 14.2384
-44.6413 -8.5644 14.0493
-45.1561 -8.2867 13.834
-45.6599 -8.0448 13.5555
-46.1712 -7.7722 13.3259
-46.6613 -7.4291 13.1453
-47.1718 -7.1304 12.9459
-47.6965 -6.9213 12.6805
-48.2082 -6.708 12.3932
-48.7131 -6.5102 12.0853
-49.1712 -6.3401 11.6977
-49.6007 -6.1054 11.3104
-50.0449 -5.8103 10.985
-50.4477 -5.461 10.6602
-50.8103 -5.1051 10.2965
-51.199 -4.745 9.9672
-51.6533 -4.3836 9.7384
-52.1304 -4.0157 9.5734
-52.6142 -3.6684 9.3877
-53.0697 -3.3141 9.1515
-53.4649 -2.8983 8.9035
-53.8051 -2.4796 8.5912
-54.0571 -2.0881 8.1757
-54.2599 -1.688 7.741
-54.4966 -1.2506 7.3639
-54.7647 -0.84872 6.9694
-55.0286 -0.44889 6.5698
-55.2861 0.0042818 6.2251
-55.5034 0.51325 5.9377
-55.7243 1.0211 5.6512
-55.9753 1.5113 5.3571
-56.2502 1.9841 5.0573
-56.5325 2.4205 4.7103
-56.788 2.8765 4.3679
-57.012 3.3873 4.0893
-57.2316 3.9353 3.8845
-57.4384 4.4964 3.704
