-2.4323 -34.856 -27.7186
-2.3638 -34.8206 -27.099
-2.2948 -34.7835 -26.4796
-2.2028 -34.6676 -25.8733
-2.0948 -34.4709 -25.2909
-2.0528 -34.2225 -24.7193
-1.9741 -33.9792 -24.1506
-1.8511 -33.6894 -23.6121
-1.7851 -33.3855 -23.071
-1.7301 -33.0934 -22.5218
-1.6137 -32.7593 -22.0072
-1.4567 -32.3929 -21.5262
-1.2886 -31.9873 -21.0817
-1.1724 -31.5333 -20.6704
-1.1824 -31.053 -20.272
-1.2603 -30.5456 -19.917
-1.3311 -29.9832 -19.6558
-1.4577 -29.4046 -19.4608
-1.6697 -28.8452 -19.2799
-1.9521 -28.3193 -19.0983
-2.2491 -27.8192 -18.8724
-2.4766 -27.3229 -18.569
-2.7198 -26.8759 -18.2084
-2.9849 -26.5118 -17.7766
-3.2388 -26.1924 -17.3032
-3.541 -25.8951 -16.8446
-3.9095 -25.6052 -16.4321
-4.301 -25.3368 -16.0261
-4.6555 -25.1053 -15.5669
-4.9722 -24.9353 -15.0567
-5.2675 -24.8885 -14.5095
-5.5427 -24.8883 -13.9485
-5.8455 -24.8132 -13.4083
-6.1897 -24.765 -12.8908
-6.5207 -24.7344 -12.3628
-6.7823 -24.5833 -11.8175
-6.9514 -24.4286 -11.2377
-7.0581 -24.3031 -10.6351
-7.094 -24.1374 -10.0344
-7.0713 -24.0263 -9.421
-7.121 -23.9884 -8.8008
-7.2394 -23.9106 -8.1927
-7.4064 -23.7365 -7.6181
-7.61 -23.5169 -7.0696
-7.7539 -23.3083 -6.4989
-7.9142 -23.0944 -5.935
-8.1694 -22.8939 -5.4016
-8.3973 -22.7277 -4.8455
-8.5261 -22.5429 -4.263
-8.691 -22.3036 -3.7115
-8.932 -22.0607 -3.1887
-9.2419 -21.8397 -2.6946
-9.6123 -21.6109 -2.2462
-10.0279 -21.4233 -1.8204
-10.5149 -21.3059 -1.448
-11.0192 -21.2499 -1.0843
-11.4928 -21.1667 -0.68726
-11.8997 -20.9832 -0.2515
-12.3101 -20.7712 0.1674
-12.8007 -20.6237 0.5232
-13.2759 -20.5054 0.90948
-13.7295 -20.3349 1.3034
-14.2158 -20.1252 1.6347
-14.7536 -19.9229 1.8763
-15.2945 -19.7175 2.1091
-15.7686 -19.4145 2.3778
-16.238 -19.0701 2.6037
-16.7432 -18.7839 2.8336
-17.2206 -18.5254 3.1412
-17.6115 -18.2194 3.5188
-17.9703 -17.904 3.9213
-18.3673 -17.6462 4.3289
-18.7634 -17.3702 4.7248
-19.1226 -17.0472 5.1211
-19.4607 -16.7659 5.5641
-19.8431 -16.5224 5.9924
-20.2917 -16.2564 6.336
-20.7618 -15.9669 6.6288
-21.2275 -15.714 6.958
-21.6347 -15.4578 7.3548
-22.0543 -15.1864 7.7273
-22.5236 -15.0031 8.0951
-22.9716 -14.8129 8.4853
-23.3618 -14.5652 8.9044
-23.7576 -14.343 9.3324
-24.164 -14.1087 9.744
-24.4877 -13.8073 10.1846
-24.7989 -13.4633 10.6026
-25.0863 -13.1265 11.0416
-25.3374 -12.8349 11.5337
-25.5973 -12.636 12.0644
-25.8432 -12.447 12.6059
-26.1219 -12.1714 13.0916
-26.4483 -11.8951 13.5469
-26.8034 -11.7099 14.0252
-27.2173 -11.6272 14.4844
-27.6558 -11.6068 14.9288
-28.0805 -11.6565 15.384
-28.4905 -11.7656 15.8426
-28.8936 -11.8632 16.3098
-29.3278 -11.918 16.7557
-29.799 -11.9031 17.1647
-30.2674 -11.8301 17.5716
-30.75 -11.763 17.9619
-31.2867 -11.7157 18.2777
-31.8741 -11.675 18.4822
-32.4829 -11.5805 18.5815
-33.0897 -11.4381 18.5721
-33.6821 -11.2614 18.4834
-34.2576 -11.0414 18.3789
-34.8135 -10.7969 18.2328
-35.3765 -10.5804 18.0724
-35.962 -10.4716 17.8867
-36.5362 -10.4103 17.648
-37.0979 -10.2654 17.4198
-37.6565 -10.1112 17.1892
-38.1884 -10.0448 16.8702
-38.6503 -10.0149 16.4516
-39.1002 -9.9853 16.0195
-39.5562 -9.8684 15.611
-39.9471 -9.6427 15.1799
-40.2672 -9.3245 14.7494
-40.5466 -8.9193 14.3648
-40.8395 -8.4951 14.0117
-41.2162 -8.1324 13.6726
-41.664 -7.7985 13.3943
-42.1534 -7.5012 13.1473
-42.6358 -7.2535 12.8383
-43.089 -6.9659 12.5189
-43.5045 -6.6648 12.1651
-43.8769 -6.374 11.7559
-44.286 -6.0971 11.3739
-44.7291 -5.9107 10.9772
-45.1814 -5.8018 10.5599
-45.6292 -5.6989 10.1365
-46.0761 -5.5526 9.7261
-46.5284 -5.4082 9.3208
-46.9801 -5.2699 8.9124
-47.454 -5.0702 8.5581
-47.9644 -4.8397 8.2824
-48.4884 -4.5728 8.0714
-49.0092 -4.2876 7.8765
-49.5439 -3.9943 7.7452
-50.0882 -3.6925 7.6887
-50.6628 -3.4519 7.6518
-51.2376 -3.2169 7.5916
-51.8061 -2.9716 7.5104
-52.3712 -2.715 7.4439
-52.9292 -2.4586 7.3347
-53.5048 -2.2544 7.2026
-54.0632 -2.0007 7.0867
-54.5534 -1.6537 6.9195
-55.0213 -1.2861 6.7295
-55.5209 -0.98629 6.5072
-56.0074 -0.68748 6.2549
-56.4932 -0.39477 5.995
-57.0234 -0.15937 5.7656
-57.5577 0.10007 5.5728
-58.0639 0.42559 5.4085
-58.5491 0.80564 5.3053
-58.9701 1.2449 5.1693
