-3.7897 -31.6695 -34.0346
-4.066 -31.5903 -33.4801
-4.3309 -31.4735 -32.9262
-4.6137 -31.41 -32.3735
-4.9667 -31.3777 -31.8598
-5.3487 -31.3726 -31.366
-5.6646 -31.4579 -30.8351
-5.9136 -31.5938 -30.2783
-6.1969 -31.6725 -29.7288
-6.4686 -31.713 -29.1688
-6.6853 -31.7527 -28.5842
-6.924 -31.7826 -28.0075
-7.1755 -31.7517 -27.4381
-7.4034 -31.6622 -26.8633
-7.6377 -31.565 -26.2925
-7.8835 -31.4013 -25.7422
-8.0701 -31.1429 -25.2062
-8.1979 -30.7832 -24.7125
-8.2521 -30.3648 -24.2529
-8.2406 -29.9433 -23.7916
-8.2236 -29.5926 -23.2766
-8.2392 -29.2967 -22.7268
-8.3524 -28.9878 -22.1966
-8.5277 -28.6242 -21.721
-8.7091 -28.2279 -21.2733
-8.8468 -27.861 -20.7875
-8.8859 -27.52 -20.2661
-8.8683 -27.141 -19.771
-8.9081 -26.7282 -19.3052
-8.9491 -26.3578 -18.8051
-8.9205 -26.0072 -18.2885
-8.87 -25.7188 -17.7382
-8.8745 -25.4802 -17.1621
-8.8748 -25.1989 -16.6059
-8.7649 -24.937 -16.0501
-8.6317 -24.7276 -15.4765
-8.5848 -24.519 -14.8909
-8.6368 -24.2423 -14.3345
-8.713 -23.897 -13.8191
-8.7408 -23.5882 -13.2782
-8.6669 -23.3722 -12.6977
-8.6001 -23.1978 -12.1023
-8.5868 -23.0273 -11.5011
-8.6131 -22.8598 -10.9001
-8.6341 -22.7144 -10.2936
-8.5334 -22.5899 -9.6909
-8.3075 -22.5205 -9.1142
-8.1016 -22.5117 -8.5258
-8.009 -22.4786 -7.9092
-7.9815 -22.3828 -7.2928
-7.9935 -22.257 -6.6807
-8.0702 -22.1936 -6.0653
-8.2386 -22.1903 -5.4639
-8.456 -22.1409 -4.8808
-8.7346 -22.0357 -4.3324
-9.0114 -21.8689 -3.7994
-9.2686 -21.6823 -3.262
-9.5731 -21.5357 -2.7363
-9.9249 -21.3804 -2.2444
-10.3309 -21.2195 -1.7975
-10.7533 -21.082 -1.3579
-11.1453 -20.9987 -0.87947
-11.5411 -20.9568 -0.39815
-11.9863 -20.8959 0.035741
-12.4793 -20.8181 0.4109
-12.9839 -20.7704 0.7758
-13.4776 -20.7267 1.1563
-14.0081 -20.6823 1.4822
-14.5584 -20.5855 1.759
-15.0808 -20.412 2.0544
-15.5604 -20.1887 2.3858
-15.9753 -19.9457 2.783
-16.3579 -19.7975 3.2526
-16.7309 -19.7965 3.752
-17.0447 -19.8269 4.2902
-17.3362 -19.798 4.8421
-17.6212 -19.7705 5.3973
-17.8375 -19.7018 5.9782
-18.0718 -19.6204 6.5502
-18.3234 -19.5924 7.121
-18.572 -19.5386 7.691
-18.9104 -19.504 8.2133
-19.3172 -19.5192 8.6873
-19.7556 -19.4975 9.1317
-20.2101 -19.3973 9.5478
-20.6673 -19.2332 9.941
-21.1646 -19.0384 10.2625
-21.6953 -18.8524 10.5346
-22.1896 -18.6746 10.8716
-22.5956 -18.4963 11.3098
-22.9596 -18.3889 11.8052
-23.3166 -18.3852 12.3173
-23.6826 -18.3674 12.822
-24.1161 -18.2575 13.2568
-24.5904 -18.194 13.6562
-25.0432 -18.2783 14.0766
-25.4913 -18.3613 14.5023
-25.9353 -18.3389 14.9409
-26.3983 -18.2853 15.3559
-26.8561 -18.2638 15.7788
-27.2941 -18.2945 16.2228
-27.7588 -18.382 16.631
-28.2411 -18.4498 17.0213
-28.7293 -18.5029 17.4073
-29.2374 -18.583 17.761
-29.8015 -18.6387 18.0219
-30.4072 -18.6618 18.17
-31.0264 -18.6932 18.2467
-31.6452 -18.6744 18.3195
-32.2421 -18.5075 18.3886
-32.8308 -18.3017 18.4212
-33.4362 -18.1682 18.4889
-34.0527 -18.0974 18.5516
-34.6767 -18.0628 18.5493
-35.2982 -18.0817 18.4974
-35.9143 -18.1607 18.4326
-36.5305 -18.2646 18.4255
-37.1365 -18.4096 18.4652
-37.7436 -18.5422 18.5249
-38.3656 -18.5907 18.5546
-38.9827 -18.6471 18.6225
-39.5792 -18.7576 18.7722
-40.1704 -18.8196 18.9617
-40.7721 -18.8295 19.1284
-41.3922 -18.8671 19.1829
-42.009 -18.9255 19.1083
-42.6273 -18.9812 19.0518
-43.2506 -19.0144 19.0828
-43.874 -18.9967 19.0681
-44.4808 -18.8825 18.9792
-45.0566 -18.6555 18.8993
-45.6178 -18.394 18.8163
-46.1496 -18.0987 18.6778
-46.636 -17.7539 18.491
-47.0714 -17.3762 18.2516
-47.4751 -16.979 17.9875
-47.8776 -16.6249 17.6685
-48.2217 -16.2926 17.2674
-48.4494 -15.9185 16.8239
-48.6094 -15.5489 16.3465
-48.7558 -15.1476 15.8926
-48.9055 -14.6881 15.4965
-49.0364 -14.2148 15.1109
-49.1586 -13.741 14.7227
-49.2795 -13.2352 14.3788
-49.3307 -12.6888 14.0804
-49.3006 -12.1442 13.7765
-49.1601 -11.6019 13.5022
-48.8964 -11.0987 13.2451
-48.5747 -10.6669 12.9295
-48.3114 -10.2838 12.5141
-48.0974 -9.9153 12.057
-47.8885 -9.5245 11.6164
-47.6264 -9.1416 11.1998
-47.2575 -8.8461 10.7931
-46.8349 -8.5894 10.4114
-46.4302 -8.3032 10.0316
-46.1009 -7.9602 9.6278
-45.8477 -7.5959 9.1888
-45.6384 -7.2196 8.7367
-45.3963 -6.7766 8.3712
-45.137 -6.3454 8.0032
-44.9788 -5.9165 7.5795
-44.8793 -5.4756 7.1483
-44.8293 -5.0733 6.6744
-44.8026 -4.6497 6.2175
-44.7617 -4.1588 5.8339
-44.8267 -3.6501 5.4795
-44.9778 -3.1947 5.0805
-45.1341 -2.7777 4.642
-45.265 -2.3336 4.2227
-45.3251 -1.8738 3.8047
-45.2763 -1.4595 3.3415
-45.242 -1.0812 2.847
-45.2534 -0.73842 2.3255
-45.2336 -0.46848 1.7626
-45.2331 -0.38883 1.5701
