-49.567 7.9325 6.8285
-49.3742 7.5877 6.9598
-48.9989 7.1495 7.1961
-48.5862 6.7295 7.4016
-48.1878 6.2942 7.6041
-47.7801 5.8862 7.8443
-47.3562 5.5079 8.1032
-46.9166 5.1499 8.3652
-46.4199 4.8091 8.5259
-45.9217 4.4389 8.5871
-45.4509 4.038 8.671
-44.9658 3.7027 8.8734
-44.4644 3.3897 9.0723
-43.9303 3.0943 9.2038
-43.3874 2.8489 9.3896
-42.8516 2.6153 9.6103
-42.3028 2.3725 9.7844
-41.7573 2.1356 9.9747
-41.1946 1.9494 10.1706
-40.6316 1.7851 10.3839
-40.0945 1.5588 10.6063
-39.5805 1.296 10.8429
-39.1144 1.0186 11.1525
-38.7015 0.73847 11.5271
-38.3223 0.43929 11.9224
-37.9426 0.078467 12.263
-37.5525 -0.25762 12.6158
-37.144 -0.59117 12.9487
-36.7211 -0.97716 13.1987
-36.3028 -1.3462 13.4782
-35.9044 -1.7253 13.7731
-35.4644 -2.1086 13.9925
-34.9739 -2.4583 14.1587
-34.5157 -2.8644 14.2787
-34.0695 -3.2995 14.3071
-33.5771 -3.6816 14.2687
-33.0267 -3.9707 14.2171
-32.4563 -4.2232 14.223
-31.9009 -4.5068 14.2598
-31.3435 -4.7887 14.2433
-30.7831 -5.0601 14.1903
-30.2509 -5.3841 14.1609
-29.7197 -5.7083 14.1221
-29.1935 -6.0104 13.9777
-28.7479 -6.3864 13.7562
-28.3878 -6.8568 13.5621
-28.0804 -7.3755 13.3983
-27.8384 -7.9149 13.1982
-27.648 -8.4691 12.9807
-27.4909 -9.0175 12.7271
-27.3355 -9.5792 12.5057
-27.1674 -10.159 12.3442
-27.0163 -10.7262 12.131
-26.8229 -11.2636 11.8785
-26.559 -11.7895 11.6698
-26.2365 -12.2986 11.5054
-25.836 -12.7461 11.3366
-25.3549 -13.1124 11.1814
-24.8418 -13.4582 11.0989
-24.312 -13.7767 11.0165
-23.7756 -14.0405 10.8361
-23.2537 -14.3233 10.6421
-22.7702 -14.6955 10.5138
-22.3187 -15.1012 10.3689
-21.8657 -15.4733 10.1524
-21.4335 -15.8186 9.8636
-21.0252 -16.1932 9.5772
-20.6201 -16.5726 9.2926
-20.1868 -16.8523 8.9415
-19.7665 -17.0467 8.5237
-19.3675 -17.1803 8.0622
-18.9263 -17.2098 7.6227
-18.4467 -17.2389 7.2255
-17.921 -17.3436 6.906
-17.3595 -17.4649 6.6601
-16.8285 -17.6046 6.3651
-16.3461 -17.7147 5.984
-15.9074 -17.8473 5.5611
-15.4972 -17.9909 5.1127
-15.1266 -18.0989 4.6225
-14.8216 -18.2576 4.1012
-14.5059 -18.4129 3.5855
-14.2029 -18.4915 3.0455
-13.9402 -18.5947 2.4888
-13.7012 -18.7471 1.9319
-13.4426 -18.9069 1.3865
-13.1307 -19.0879 0.87612
-12.7474 -19.2457 0.41025
-12.3238 -19.4449 -0.0014582
-11.945 -19.7454 -0.39683
-11.5481 -20.0481 -0.77134
-11.1211 -20.3445 -1.118
-10.6781 -20.6011 -1.4743
-10.2312 -20.8446 -1.8357
-9.8419 -21.1917 -2.178
-9.5484 -21.6071 -2.5389
-9.3391 -22.0027 -2.9738
-9.1196 -22.349 -3.4451
-8.8266 -22.6748 -3.8899
-8.4943 -23.0333 -4.2783
-8.234 -23.4611 -4.6497
-8.1009 -23.8979 -5.0743
-8.0152 -24.3111 -5.5353
-7.9281 -24.7511 -5.97
-7.9268 -25.2106 -6.3912
-7.929 -25.6799 -6.8014
-7.8905 -26.124 -7.2374
-7.9448 -26.5096 -7.725
-8.0306 -26.8611 -8.2341
-8.0794 -27.1855 -8.7661
-8.1571 -27.4951 -9.303
-8.2006 -27.7716 -9.8599
-8.1334 -27.9578 -10.4511
-8.0213 -28.031 -11.0609
-7.9473 -28.0945 -11.6773
-7.9224 -28.2559 -12.2796
-7.9038 -28.5138 -12.8481
-7.9049 -28.7694 -13.4178
-7.9816 -29.0107 -13.9879
-8.0504 -29.3061 -14.5328
-8.0059 -29.6217 -15.0697
-7.9666 -29.9325 -15.6097
-8.0002 -30.2803 -16.1271
-8.0684 -30.6299 -16.6401
-8.1395 -30.9726 -17.1576
-8.2031 -31.3549 -17.6478
-8.2005 -31.7628 -18.1196
-8.1593 -32.2312 -18.5288
-8.164 -32.7568 -18.8666
-8.1948 -33.3058 -19.1633
-8.2339 -33.8542 -19.46
-8.2797 -34.3423 -19.845
-8.2779 -34.7775 -20.2923
-8.2092 -35.2447 -20.7006
-8.1078 -35.7198 -21.0931
-7.9583 -36.1103 -21.5554
-7.7546 -36.4505 -22.038
-7.5462 -36.7633 -22.5362
-7.3553 -37.001 -23.0814
-7.1643 -37.209 -23.6389
-6.9944 -37.4182 -24.2027
-6.8634 -37.589 -24.7889
-6.6844 -37.7455 -25.365
-6.4023 -37.8686 -25.9079
-6.0698 -38.0046 -26.4175
-5.6992 -38.1866 -26.8864
-5.3513 -38.3269 -27.3851
-5.0265 -38.4114 -27.9119
-4.7059 -38.4451 -28.4469
-4.4181 -38.5292 -28.9938
-4.1847 -38.7302 -29.5363
-4.0422 -39.0019 -30.08
-3.916 -39.3279 -30.5973
-3.742 -39.6521 -31.102
-3.6131 -39.938 -31.6412
-3.5974 -40.0352 -31.8248
