-0.63591 -37.3505 -58.8653
-0.50527 -37.2895 -58.2584
-0.4418 -37.3257 -57.6389
-0.43254 -37.4277 -57.0227
-0.42143 -37.508 -56.4038
-0.41308 -37.4921 -55.7795
-0.44244 -37.3948 -55.1637
-0.53999 -37.2434 -54.5656
-0.6129 -37.0597 -53.9735
-0.62927 -36.9369 -53.3628
-0.60691 -36.8836 -52.7408
-0.53387 -36.7751 -52.1303
-0.42071 -36.5809 -51.5479
-0.3286 -36.3 -50.9985
-0.24901 -36.0417 -50.4369
-0.071662 -35.8376 -49.8748
0.1133 -35.6416 -49.3122
0.18404 -35.4535 -48.7214
0.19246 -35.1895 -48.1563
0.21992 -34.8746 -47.6173
0.305 -34.5809 -47.0726
0.43271 -34.3647 -46.5017
0.54805 -34.2731 -45.8954
0.61966 -34.2315 -45.2761
0.62908 -34.1382 -44.6591
0.57662 -34.0579 -44.0425
0.57095 -34.0376 -43.4192
0.66858 -33.9977 -42.8036
0.77979 -33.9736 -42.1896
0.84825 -33.966 -41.5687
0.83489 -33.9465 -40.9451
0.70461 -33.917 -40.3356
0.49958 -33.8414 -39.7503
0.28219 -33.7735 -39.1686
0.064902 -33.7277 -38.5844
-0.13927 -33.6465 -37.9996
-0.36864 -33.5665 -37.4245
-0.62758 -33.5259 -36.8573
-0.87713 -33.5359 -36.2848
-1.1224 -33.5578 -35.7105
-1.3416 -33.6091 -35.1284
-1.4931 -33.6821 -34.5275
-1.618 -33.6818 -33.9157
-1.7896 -33.5995 -33.3211
-1.9382 -33.5123 -32.7214
-2.0033 -33.409 -32.1096
-1.9991 -33.3038 -31.4945
-1.959 -33.2152 -30.8775
-1.8799 -33.0823 -30.2723
-1.7793 -32.9158 -29.6786
-1.6864 -32.6598 -29.1176
-1.6646 -32.3443 -28.5804
-1.7365 -32.0149 -28.0544
-1.8425 -31.7159 -27.517
-1.9051 -31.4368 -26.9628
-1.9182 -31.1522 -26.4068
-1.9946 -30.8416 -25.8718
-2.1389 -30.5436 -25.3433
-2.352 -30.2724 -24.8238
-2.6177 -30.0018 -24.3276
-2.9158 -29.8101 -23.8137
-3.2164 -29.6901 -23.2797
-3.5394 -29.5595 -22.7625
-3.9062 -29.3939 -22.2843
-4.2135 -29.1882 -21.7822
-4.4333 -28.9435 -21.2511
-4.6711 -28.6625 -20.7477
-4.9374 -28.3962 -20.2503
-5.1936 -28.1811 -19.7224
-5.4641 -28.0235 -19.1825
-5.7502 -27.9029 -18.6403
-6.0542 -27.7819 -18.108
-6.3218 -27.7282 -17.5471
-6.4973 -27.7781 -16.9509
-6.6258 -27.8335 -16.3425
-6.8036 -27.778 -15.7476
-7.0251 -27.5865 -15.1974
-7.2093 -27.3836 -14.6376
-7.3747 -27.275 -14.0451
-7.5089 -27.1899 -13.4412
-7.6367 -27.0409 -12.8494
-7.8106 -26.7905 -12.3045
-7.9273 -26.4954 -11.7674
-7.9122 -26.2056 -11.2152
-7.8557 -25.971 -10.6398
-7.8216 -25.8133 -10.0362
-7.8286 -25.7478 -9.4163
-7.8776 -25.6906 -8.7967
-7.9876 -25.5575 -8.1974
-8.0953 -25.3697 -7.6127
-8.1674 -25.0967 -7.0564
-8.3365 -24.8164 -6.5259
-8.602 -24.5971 -6.0048
-8.8492 -24.391 -5.4699
-9.0142 -24.1772 -4.9066
-9.1577 -23.9188 -4.3566
-9.3287 -23.6135 -3.8388
-9.5328 -23.3106 -3.3318
-9.7993 -23.0788 -2.8181
-10.1616 -22.8884 -2.3476
-10.5739 -22.6198 -1.9643
-10.9513 -22.292 -1.5901
-11.3277 -21.9949 -1.1903
-11.6936 -21.7168 -0.76783
-12.0362 -21.4475 -0.32012
-12.3354 -21.1709 0.15177
-12.4956 -20.8608 0.66836
-12.6035 -20.4952 1.162
-12.7801 -20.1363 1.6401
-13.0575 -19.8656 2.129
-13.3728 -19.6009 2.599
-13.698 -19.3013 3.0402
-14.11 -19.0256 3.418
-14.5838 -18.7393 3.7054
-15.0543 -18.3861 3.9154
-15.4938 -17.964 4.0475
-15.9173 -17.5263 4.1825
-16.3238 -17.1089 4.4071
-16.7394 -16.7237 4.6687
-17.176 -16.367 4.9383
-17.5558 -15.9906 5.2597
-17.8968 -15.6531 5.6591
-18.2109 -15.3632 6.1145
-18.531 -15.1191 6.5916
-18.9223 -14.9481 7.047
-19.3339 -14.815 7.498
-19.7358 -14.6152 7.9304
-20.1751 -14.3792 8.3058
-20.6095 -14.1162 8.6676
-20.9862 -13.8267 9.0725
-21.3644 -13.5479 9.4839
-21.7934 -13.2578 9.8326
-22.2361 -12.9811 10.1758
-22.6515 -12.7048 10.5522
-23.0487 -12.4244 10.9448
-23.4251 -12.1977 11.3874
-23.7673 -12.055 11.8901
-24.055 -11.8939 12.4201
-24.2967 -11.6568 12.945
-24.5787 -11.4074 13.4427
-24.9009 -11.1979 13.9353
-25.2261 -10.9591 14.4115
-25.539 -10.6673 14.8668
-25.8624 -10.4396 15.3484
-26.2495 -10.2765 15.8105
-26.6704 -10.0967 16.2361
-27.0589 -9.9549 16.7027
-27.451 -9.8394 17.1741
-27.8636 -9.692 17.6195
-28.2042 -9.5085 18.109
-28.449 -9.3474 18.6595
-28.7001 -9.1984 19.2106
-29.0366 -9.0719 19.7204
-29.3609 -8.983 20.2462
-29.6998 -8.8682 20.7569
-30.0957 -8.7587 21.2279
-30.4635 -8.646 21.7201
-30.8661 -8.5221 22.1796
-31.3735 -8.3965 22.519
-31.9142 -8.3228 22.8213
-32.4649 -8.3405 23.1144
-33.0258 -8.3628 23.3883
-33.604 -8.3839 23.6207
-34.2058 -8.3672 23.7839
-34.8042 -8.3005 23.9512
-35.4105 -8.2617 24.0964
-36.0323 -8.2464 24.143
-36.6551 -8.2137 24.1065
-37.2733 -8.1267 24.0985
-37.8873 -8.0157 24.0811
-38.4857 -7.8572 23.9999
-39.0636 -7.6247 23.963
-39.6284 -7.3632 23.9195
-40.1692 -7.1065 23.7446
-40.7081 -6.863 23.5442
-41.2459 -6.5695 23.4275
-41.7717 -6.2469 23.3289
-42.3142 -5.9659 23.1979
-42.865 -5.6914 23.0904
-43.3845 -5.3678 22.9701
-43.8375 -4.9855 22.774
-44.208 -4.5707 22.4922
-44.5527 -4.1797 22.1483
-44.9039 -3.7718 21.8327
-45.1958 -3.3291 21.504
-45.4816 -2.9329 21.1152
-45.8226 -2.5887 20.7207
-46.1635 -2.2185 20.3515
-46.5178 -1.8678 19.9773
-46.8997 -1.5455 19.6029
-47.3107 -1.2167 19.267
-47.7905 -0.97968 18.9466
-48.319 -0.80874 18.661
-48.8706 -0.68128 18.3973
-49.4452 -0.60772 18.1641
-49.6418 -0.58043 18.1011
