-40.8997 -9.8542 4.2572
-41.4102 -9.6727 4.5679
-41.9347 -9.447 4.8212
-42.451 -9.2378 5.1017
-42.9167 -9.0951 5.4913
-43.3219 -9.0011 5.9572
-43.6722 -8.9639 6.4724
-43.9723 -9.0008 7.019
-44.1823 -9.0675 7.6024
-44.2772 -9.1505 8.2139
-44.3333 -9.2209 8.8321
-44.4042 -9.2961 9.4481
-44.4507 -9.4182 10.059
-44.4543 -9.4765 10.6796
-44.4187 -9.4773 11.3033
-44.3189 -9.5132 11.9188
-44.1524 -9.5704 12.5182
-43.9414 -9.6242 13.104
-43.656 -9.6392 13.6582
-43.2878 -9.6688 14.1614
-42.8856 -9.7031 14.638
-42.4833 -9.7321 15.115
-42.0596 -9.7866 15.5705
-41.5866 -9.866 15.9702
-41.0993 -10.0004 16.3376
-40.6196 -10.2064 16.6798
-40.1075 -10.4418 16.9469
-39.5278 -10.5917 17.1198
-38.9168 -10.68 17.2155
-38.314 -10.8359 17.2512
-37.7318 -11.0554 17.3042
-37.156 -11.2752 17.4079
-36.5565 -11.4273 17.485
-35.9419 -11.4743 17.5811
-35.3474 -11.5573 17.7498
-34.7581 -11.6889 17.9101
-34.1673 -11.766 18.0954
-33.5862 -11.8526 18.3068
-32.9878 -11.9872 18.4185
-32.3818 -12.1387 18.4292
-31.7847 -12.2945 18.34
-31.2024 -12.3923 18.1385
-30.648 -12.4225 17.8532
-30.1626 -12.4235 17.4619
-29.7235 -12.4428 17.0179
-29.2595 -12.4987 16.6035
-28.8029 -12.5338 16.1792
-28.3719 -12.5659 15.728
-27.9398 -12.6393 15.2825
-27.5123 -12.7754 14.8483
-27.1007 -12.8896 14.3942
-26.7706 -12.9305 13.8669
-26.4581 -12.9593 13.3274
-26.1238 -13.0188 12.8034
-25.7798 -13.1747 12.3076
-25.4345 -13.454 11.8699
-25.1001 -13.7907 11.4635
-24.7613 -14.0911 11.0337
-24.4749 -14.3655 10.5512
-24.2915 -14.6292 10.017
-24.169 -14.8272 9.4378
-23.9781 -15.0182 8.8759
-23.6816 -15.1918 8.3556
-23.2902 -15.2838 7.8784
-22.8231 -15.386 7.4776
-22.3009 -15.5489 7.1778
-21.7873 -15.7386 6.8789
-21.2903 -15.9195 6.5463
-20.7678 -16.1435 6.2902
-20.2741 -16.4454 6.0563
-19.8264 -16.7361 5.7337
-19.4338 -17.0518 5.3663
-19.0843 -17.4429 5.0267
-18.7082 -17.8062 4.6857
-18.2969 -18.159 4.3761
-17.8668 -18.5013 4.0803
-17.4375 -18.7458 3.7
-16.9918 -18.9553 3.3167
-16.4865 -19.1415 3.0013
-15.9549 -19.3016 2.7146
-15.4523 -19.5352 2.4278
-14.9651 -19.7948 2.1352
-14.437 -20.0037 1.876
-13.8965 -20.1886 1.6231
-13.4002 -20.3485 1.281
-12.9762 -20.5473 0.86952
-12.6067 -20.8101 0.43941
-12.3044 -21.0596 -0.045585
-12.0622 -21.2745 -0.58002
-11.7856 -21.5042 -1.09
-11.4142 -21.7508 -1.5261
-11.0401 -22.0122 -1.9511
-10.703 -22.2912 -2.3971
-10.298 -22.5357 -2.8041
-9.8695 -22.701 -3.2255
-9.4843 -22.8574 -3.6912
-9.1457 -23.0241 -4.1882
-8.7992 -23.1352 -4.6956
-8.4121 -23.1673 -5.1839
-8.0289 -23.1388 -5.6768
-7.6973 -23.1252 -6.2054
-7.4003 -23.1331 -6.7551
-7.1107 -23.1609 -7.3081
-6.7904 -23.1987 -7.8423
-6.4787 -23.2777 -8.3763
-6.2857 -23.3538 -8.9642
-6.1618 -23.3924 -9.5755
-6.1021 -23.4501 -10.1942
-6.0459 -23.5517 -10.8073
-5.9072 -23.6318 -11.4103
-5.7309 -23.7246 -12.0014
-5.6195 -23.9066 -12.5873
-5.6046 -24.1561 -13.1592
-5.5873 -24.3811 -13.7402
-5.5391 -24.4557 -14.3572
-5.4277 -24.4254 -14.9702
-5.1941 -24.4191 -15.5479
-4.9325 -24.5018 -16.1087
-4.6801 -24.6887 -16.6473
-4.439 -25.0001 -17.1309
-4.1851 -25.3998 -17.5364
-3.871 -25.827 -17.8669
-3.5326 -26.2157 -18.219
-3.2416 -26.591 -18.6237
-3.0161 -26.9713 -19.0651
-2.7919 -27.3585 -19.5009
-2.5943 -27.8148 -19.8777
-2.4339 -28.345 -20.1647
-2.2634 -28.8889 -20.4201
-2.1212 -29.4315 -20.6946
-2.0641 -29.9817 -20.9841
-2.0235 -30.4867 -21.348
-1.9012 -30.915 -21.7845
-1.7436 -31.3157 -22.2374
-1.607 -31.717 -22.6965
-1.4372 -32.1033 -23.157
-1.244 -32.4774 -23.6187
-1.0912 -32.867 -24.0825
-0.91676 -33.2604 -24.5347
-0.76158 -33.6729 -24.9754
-0.70877 -34.11 -25.4185
-0.73206 -34.5002 -25.9048
-0.83333 -34.8159 -26.4337
-0.90898 -35.0759 -26.9958
-0.94184 -35.2513 -27.5934
