-4.8155 -36.5487 -57.9501
-4.936 -36.594 -57.3396
-5.0617 -36.5942 -56.7276
-5.1124 -36.6151 -56.1057
-5.0698 -36.6211 -55.4828
-5.0418 -36.6337 -54.8596
-5.0652 -36.6355 -54.2355
-5.1339 -36.5351 -53.6242
-5.3024 -36.3803 -53.0434
-5.4535 -36.2519 -52.4522
-5.5069 -36.1976 -51.8329
-5.5072 -36.2572 -51.2118
-5.4801 -36.3767 -50.599
-5.4604 -36.4428 -49.9786
-5.5041 -36.486 -49.3576
-5.5545 -36.535 -48.7373
-5.5541 -36.503 -48.114
-5.5582 -36.461 -47.491
-5.5513 -36.3981 -46.8706
-5.4755 -36.2426 -46.2708
-5.3588 -36.0202 -45.6991
-5.3246 -35.7712 -45.1286
-5.3427 -35.5734 -44.5366
-5.3231 -35.4874 -43.9195
-5.352 -35.5206 -43.2976
-5.444 -35.5498 -42.6806
-5.5104 -35.5564 -42.0595
-5.4745 -35.5914 -41.4381
-5.3387 -35.687 -40.8366
-5.1495 -35.7926 -40.2512
-4.932 -35.8456 -39.6677
-4.7362 -35.8716 -39.0749
-4.5626 -35.8693 -38.4745
-4.4271 -35.9252 -37.8686
-4.3513 -35.9954 -37.2531
-4.3624 -36.0001 -36.6294
-4.3785 -36.0345 -36.007
-4.2958 -36.0867 -35.3903
-4.2472 -36.115 -34.7692
-4.299 -36.1992 -34.1532
-4.3641 -36.3254 -33.5447
-4.4291 -36.4616 -32.9384
-4.5831 -36.6262 -32.3571
-4.7814 -36.743 -31.7772
-4.9019 -36.7544 -31.1654
-5.012 -36.6564 -30.5594
-5.1511 -36.4544 -29.9853
-5.3065 -36.2215 -29.4268
-5.4312 -36.0108 -28.8527
-5.5258 -35.8386 -28.2599
-5.6795 -35.7421 -27.6626
-5.8483 -35.6816 -27.064
-6.0132 -35.5393 -26.4799
-6.1306 -35.3539 -25.8961
-6.1461 -35.2575 -25.2802
-6.0573 -35.1837 -24.6674
-5.9376 -35.0968 -24.0606
-5.7852 -34.996 -23.4646
-5.5935 -34.9068 -22.8773
-5.4051 -34.8763 -22.2823
-5.2692 -34.8448 -21.6747
-5.1763 -34.8099 -21.0579
-5.026 -34.8034 -20.4516
-4.9136 -34.7794 -19.8388
-4.8824 -34.6534 -19.2287
-4.9303 -34.4181 -18.6534
-5.0443 -34.1337 -18.1087
-5.1746 -33.8309 -17.5778
-5.3057 -33.5582 -17.0317
-5.4258 -33.3301 -16.4624
-5.6031 -33.067 -15.9256
-5.7986 -32.715 -15.4493
-5.9012 -32.2726 -15.0219
-5.9692 -31.8126 -14.6047
-6.1013 -31.408 -14.1484
-6.3127 -31.0482 -13.6837
-6.5245 -30.6915 -13.2168
-6.6511 -30.28 -12.7659
-6.7678 -29.8104 -12.3713
-7 -29.3513 -12.0195
-7.2928 -28.9193 -11.6758
-7.5381 -28.4677 -11.3209
-7.6985 -27.9658 -10.9865
-7.8057 -27.4518 -10.6478
-7.9517 -26.9987 -10.2453
-8.1708 -26.6494 -9.7772
-8.4211 -26.3324 -9.3004
-8.6023 -25.9694 -8.827
-8.6679 -25.5724 -8.3495
-8.7097 -25.2227 -7.835
-8.801 -24.9708 -7.271
-8.9386 -24.7707 -6.6953
-9.0551 -24.5645 -6.1174
-9.0791 -24.3218 -5.5429
-9.0709 -24.0638 -4.9738
-9.1643 -23.8066 -4.4138
-9.3043 -23.6057 -3.8401
-9.47 -23.4277 -3.2659
-9.7334 -23.1671 -2.7647
-10.0869 -22.8461 -2.3638
-10.5195 -22.5631 -2.0138
-10.9459 -22.3347 -1.6193
-11.3301 -22.0941 -1.1892
-11.6657 -21.8477 -0.7243
-11.8967 -21.6007 -0.2002
-12.0199 -21.3202 0.3439
-12.1401 -20.9941 0.8623
-12.3634 -20.6636 1.3419
-12.625 -20.3515 1.8159
-12.8561 -20.0138 2.2881
-13.0999 -19.6699 2.7493
-13.4086 -19.3631 3.1968
-13.8126 -19.1143 3.6017
-14.2465 -18.8622 3.9736
-14.6334 -18.5349 4.3384
-15.0452 -18.211 4.6768
-15.4816 -17.9397 5.0314
-15.864 -17.6177 5.4043
-16.2598 -17.2377 5.7009
-16.6949 -16.8824 5.974
-17.1692 -16.5987 6.2633
-17.6581 -16.3788 6.5829
-18.1375 -16.1799 6.9308
-18.6191 -15.9394 7.2469
-19.0268 -15.6218 7.5954
-19.4276 -15.2938 7.9428
-19.8928 -14.9745 8.2107
-20.3701 -14.6477 8.4475
-20.8269 -14.3337 8.7344
-21.2482 -14.0442 9.0937
-21.6663 -13.791 9.4827
-22.0861 -13.5412 9.8725
-22.4881 -13.2708 10.2672
-22.8597 -12.9853 10.6804
-23.1644 -12.7228 11.1566
-23.3842 -12.5605 11.7169
-23.5218 -12.4053 12.3052
-23.648 -12.2351 12.8925
-23.8671 -12.0885 13.4578
-24.1098 -11.9283 14.0106
-24.3727 -11.7611 14.5512
-24.66 -11.5266 15.0527
-24.9662 -11.2382 15.5136
-25.3569 -11.0229 15.9493
-25.7567 -10.8119 16.3792
-26.1465 -10.6034 16.8192
-26.4955 -10.4049 17.296
-26.8425 -10.1602 17.753
-27.2563 -9.9596 18.1757
-27.6867 -9.8619 18.6165
-28.1392 -9.8031 19.0427
-28.6172 -9.7794 19.4429
-29.0519 -9.7808 19.8899
-29.4462 -9.7136 20.3698
-29.8257 -9.6099 20.8551
-30.2128 -9.4748 21.3261
-30.6418 -9.3389 21.7595
-31.0688 -9.2352 22.2037
-31.5003 -9.2013 22.653
-31.943 -9.1867 23.0933
-32.4061 -9.1683 23.5114
-32.9222 -9.2458 23.8522
-33.4826 -9.3288 24.1137
-34.0792 -9.3127 24.2945
-34.6946 -9.252 24.3822
-35.2997 -9.1264 24.4642
-35.8852 -8.9223 24.5388
-36.4402 -8.6459 24.6041
-36.9693 -8.3173 24.6442
-37.5107 -8.0193 24.5602
-38.018 -7.6989 24.3892
-38.5144 -7.3565 24.227
-39.0161 -7.0122 24.0854
-39.5085 -6.6568 23.9381
-40.042 -6.3558 23.8186
-40.6079 -6.1433 23.666
-41.1337 -5.9471 23.3947
-41.6035 -5.714 23.0549
-42.0214 -5.4229 22.6948
-42.3541 -5.0926 22.283
-42.6615 -4.794 21.8283
-43.0022 -4.4912 21.4013
-43.4127 -4.1842 21.0461
-43.913 -3.8992 20.8074
-44.409 -3.5618 20.6368
-44.9007 -3.2308 20.4432
-45.4471 -3.0297 20.2197
-45.9762 -2.8975 19.9176
-46.4564 -2.7042 19.5695
-46.8906 -2.3851 19.2556
-47.3326 -2.0305 18.9945
-47.8065 -1.6948 18.7638
-48.2685 -1.3406 18.5366
-48.7515 -1.0234 18.3007
-49.2598 -0.72291 18.0991
