-3.2885 -30.5869 -34.0229
-3.3909 -30.5209 -33.6245
-3.6101 -30.3949 -33.0541
-3.8703 -30.199 -32.5219
-4.0511 -29.9325 -31.9876
-4.1843 -29.7005 -31.4235
-4.319 -29.4618 -30.8629
-4.3881 -29.2122 -30.2955
-4.4709 -29.0322 -29.7042
-4.5743 -28.8532 -29.115
-4.598 -28.6655 -28.5198
-4.5138 -28.4794 -27.9307
-4.3687 -28.2288 -27.3777
-4.2532 -27.9213 -26.8462
-4.1329 -27.5999 -26.324
-4.0415 -27.2395 -25.823
-4.0412 -26.8404 -25.3425
-4.0266 -26.4528 -24.8536
-3.9767 -26.0685 -24.3635
-4.0042 -25.6587 -23.8937
-4.1092 -25.2843 -23.4054
-4.18 -24.98 -22.8653
-4.1963 -24.6649 -22.3264
-4.2894 -24.3095 -21.823
-4.42 -23.9014 -21.3701
-4.4954 -23.4364 -20.9594
-4.551 -22.9542 -20.5658
-4.5851 -22.4598 -20.1851
-4.6035 -22.0071 -19.7562
-4.6864 -21.6137 -19.2793
-4.8651 -21.2837 -18.7807
-5.066 -21.0559 -18.2355
-5.2495 -20.9492 -17.6491
-5.4159 -20.8704 -17.0523
-5.5664 -20.7576 -16.4563
-5.7692 -20.6638 -15.8738
-6.0034 -20.5349 -15.3098
-6.2262 -20.372 -14.7492
-6.4558 -20.2229 -14.1874
-6.6555 -20.1341 -13.6031
-6.8191 -20.0795 -13.0027
-6.9911 -20.0742 -12.4036
-7.1381 -20.1623 -11.8034
-7.1905 -20.3022 -11.1974
-7.2277 -20.502 -10.6069
-7.3301 -20.6954 -10.022
-7.5068 -20.8206 -9.4366
-7.7383 -20.8463 -8.8578
-7.9485 -20.8394 -8.2699
-8.1244 -20.9164 -7.676
-8.3336 -21.0655 -7.1067
-8.5414 -21.1967 -6.5329
-8.7727 -21.3333 -5.9704
-9.001 -21.4721 -5.4072
-9.2256 -21.5988 -4.8393
-9.4888 -21.6872 -4.2809
-9.7383 -21.657 -3.7094
-9.9661 -21.5022 -3.1501
-10.1815 -21.2614 -2.6153
-10.4226 -21.0315 -2.0868
-10.7016 -20.8525 -1.5574
-10.9949 -20.6484 -1.0455
-11.2885 -20.4279 -0.54015
-11.5943 -20.2728 -0.017969
-11.8363 -20.1698 0.54741
-12.0853 -20.063 1.1087
-12.3992 -19.878 1.6154
-12.7604 -19.6144 2.0497
-13.2134 -19.3199 2.3605
-13.7269 -19.05 2.5919
-14.2579 -18.8436 2.8476
-14.7384 -18.6317 3.1837
-15.1931 -18.4136 3.5521
-15.6383 -18.2044 3.9367
-16.0642 -17.9651 4.3261
-16.4941 -17.6691 4.6685
-16.894 -17.3294 5.0077
-17.3049 -17.0194 5.3614
-17.7846 -16.7463 5.6519
-18.2654 -16.4529 5.9206
-18.7519 -16.1711 6.1906
-19.3032 -15.9795 6.4122
-19.852 -15.8179 6.6618
-20.3338 -15.6125 7.0007
-20.7409 -15.3992 7.4231
-21.0776 -15.2067 7.9124
-21.3383 -15.0069 8.4436
-21.5255 -14.7414 8.9761
-21.7302 -14.4671 9.4974
-21.9586 -14.1972 10.0118
-22.2032 -13.8825 10.4923
-22.4978 -13.5569 10.937
-22.7951 -13.2225 11.3733
-23.0824 -12.8963 11.8223
-23.3741 -12.5968 12.2867
-23.6784 -12.3878 12.789
-24.0034 -12.2753 13.3105
-24.4014 -12.1848 13.7823
-24.8431 -12.0414 14.1996
-25.2543 -11.8835 14.6417
-25.5973 -11.7145 15.1347
-25.943 -11.538 15.6232
-26.3761 -11.3943 16.0487
-26.8295 -11.2496 16.4533
-27.2952 -11.1762 16.8612
-27.8268 -11.1652 17.1874
-28.3665 -11.1027 17.4942
-28.8939 -11.0374 17.8217
-29.4638 -11.0631 18.0728
-30.0654 -11.1191 18.2314
-30.6854 -11.125 18.2978
-31.3066 -11.0865 18.3483
-31.9292 -11.0727 18.3749
-32.5489 -11.0557 18.3006
-33.1439 -10.9626 18.1387
-33.7169 -10.8155 17.9376
-34.2778 -10.5888 17.7863
-34.8421 -10.3605 17.65
-35.4227 -10.1863 17.498
-35.9846 -9.9551 17.3548
-36.491 -9.653 17.1527
-36.9577 -9.3231 16.8999
-37.3983 -8.9395 16.6801
-37.799 -8.5397 16.4181
-38.1399 -8.1593 16.0596
-38.4573 -7.7801 15.6777
-38.7846 -7.4077 15.2973
-39.1378 -7.0783 14.9022
-39.5407 -6.8066 14.5093
-39.9324 -6.4999 14.1321
-40.2714 -6.1947 13.7074
-40.5791 -5.913 13.2423
-40.9038 -5.6461 12.7804
-41.1833 -5.4014 12.2794
-41.3874 -5.0818 11.7841
-41.5982 -4.7058 11.3317
-41.8571 -4.3839 10.8643
-42.172 -4.1862 10.3638
-42.4871 -4.1128 9.8304
-42.8058 -4.1283 9.2938
-43.1644 -4.1181 8.7832
-43.5648 -4.044 8.3098
-43.9768 -3.8913 7.8676
-44.3267 -3.6616 7.4041
-44.6976 -3.4362 6.9564
-45.0634 -3.2087 6.5056
-45.3186 -2.9901 5.9798
-45.5233 -2.7222 5.4553
-45.6969 -2.3496 4.9854
-45.8867 -1.9301 4.564
-46.0782 -1.4663 4.1929
-46.18 -0.9702 3.8278
-46.2289 -0.48607 3.4356
-46.2985 -0.0091793 3.038
-46.4282 0.43306 2.6171
-46.5762 0.83347 2.1607
-46.7163 1.1981 1.6733
-46.8747 1.5768 1.2034
-47.0759 2.014 0.80553
-47.1576 2.1649 0.68749
