-3.7177 -39.0289 -62.6455
-3.5913 -38.7938 -62.0818
-3.4232 -38.5697 -61.5244
-3.3167 -38.3936 -60.9356
-3.2122 -38.2517 -60.3377
-3.0775 -38.105 -59.7464
-2.9386 -37.9707 -59.1537
-2.7772 -37.9466 -58.551
-2.6279 -37.9015 -57.9469
-2.525 -37.7346 -57.355
-2.4536 -37.5601 -56.7599
-2.4303 -37.4354 -56.1491
-2.5004 -37.2798 -55.5484
-2.615 -37.1417 -54.9505
-2.7391 -37.0417 -54.3462
-2.8907 -36.9842 -53.7437
-3.0857 -36.91 -53.1561
-3.2148 -36.7641 -52.5639
-3.2383 -36.6909 -51.9453
-3.273 -36.6223 -51.3268
-3.3046 -36.4833 -50.7188
-3.254 -36.4095 -50.1019
-3.1278 -36.4349 -49.491
-2.9731 -36.5081 -48.89
-2.8055 -36.5302 -48.2896
-2.66 -36.4371 -47.6901
-2.6054 -36.3493 -47.0751
-2.5697 -36.2573 -46.4591
-2.4336 -36.1332 -45.8635
-2.2582 -35.9778 -45.2852
-2.1557 -35.7366 -44.7186
-2.075 -35.4818 -44.1538
-2.0398 -35.2877 -43.5626
-2.0553 -35.1661 -42.95
-2.0674 -35.0864 -42.3303
-2.126 -35.0138 -41.7127
-2.1596 -34.9635 -41.0919
-2.1799 -34.9433 -40.4681
-2.3137 -34.8869 -39.8618
-2.5129 -34.8171 -39.2737
-2.7068 -34.7049 -38.6914
-2.9031 -34.5671 -38.1147
-3.0663 -34.4514 -37.5232
-3.1477 -34.327 -36.9165
-3.1609 -34.238 -36.2985
-3.1805 -34.1592 -35.6792
-3.2439 -34.1236 -35.0595
-3.3176 -34.1165 -34.4392
-3.3965 -34.1064 -33.8195
-3.4717 -34.1157 -33.1992
-3.5766 -34.1597 -32.5855
-3.7069 -34.2623 -31.9831
-3.7516 -34.374 -31.3713
-3.7088 -34.4665 -30.7548
-3.6937 -34.5275 -30.1334
-3.7941 -34.5448 -29.5186
-3.9903 -34.5318 -28.9254
-4.1373 -34.5108 -28.3198
-4.2681 -34.5092 -27.7096
-4.4892 -34.4792 -27.127
-4.6941 -34.361 -26.5497
-4.7959 -34.1498 -25.972
-4.882 -33.949 -25.3881
-5.0511 -33.8101 -24.8033
-5.241 -33.64 -24.2331
-5.3651 -33.5005 -23.6382
-5.4196 -33.3759 -23.0289
-5.4436 -33.1359 -22.4541
-5.5184 -32.8573 -21.9008
-5.6393 -32.579 -21.3548
-5.7172 -32.2436 -20.8338
-5.8152 -31.9295 -20.3043
-5.9959 -31.6137 -19.7975
-6.2052 -31.2613 -19.3258
-6.4109 -30.9456 -18.8275
-6.5781 -30.7008 -18.2785
-6.7236 -30.5151 -17.6998
-6.9269 -30.3626 -17.1296
-7.1662 -30.2397 -16.5656
-7.4259 -30.0683 -16.0252
-7.684 -29.7846 -15.5332
-7.8709 -29.3916 -15.0866
-8.0176 -28.9365 -14.6842
-8.1152 -28.4772 -14.2728
-8.1416 -28.0176 -13.8503
-8.1671 -27.5829 -13.403
-8.1569 -27.1949 -12.9143
-8.0785 -26.8369 -12.4082
-7.987 -26.4935 -11.894
-7.9357 -26.1839 -11.3547
-7.9293 -25.9363 -10.7811
-7.8757 -25.6949 -10.2079
-7.8313 -25.4178 -9.6506
-7.8877 -25.1267 -9.101
-8.0159 -24.862 -8.5499
-8.2179 -24.5751 -8.0346
-8.4519 -24.2523 -7.5534
-8.6877 -23.9521 -7.0586
-8.9566 -23.6316 -6.5953
-9.2034 -23.2985 -6.1289
-9.4567 -23.0387 -5.6217
-9.7361 -22.8105 -5.1116
-10.0167 -22.6068 -4.5925
-10.2461 -22.4236 -4.0427
-10.4 -22.2252 -3.4704
-10.575 -22.0709 -2.8911
-10.7746 -21.8955 -2.3265
-11.0109 -21.6746 -1.7921
-11.2668 -21.4786 -1.2568
-11.5195 -21.3528 -0.7002
-11.7328 -21.2286 -0.12759
-11.9277 -21.0789 0.44652
-12.1821 -20.9347 0.99838
-12.449 -20.726 1.5229
-12.7432 -20.5431 2.0412
-13.0929 -20.3568 2.5222
-13.4332 -20.0758 2.9644
-13.7718 -19.7649 3.3875
-14.1609 -19.4743 3.7802
-14.5553 -19.1466 4.1352
-14.9246 -18.7504 4.4468
-15.3329 -18.3999 4.7623
-15.811 -18.1219 5.0516
-16.3108 -17.8276 5.2834
-16.8186 -17.5396 5.5051
-17.3083 -17.2633 5.7755
-17.7312 -16.9197 6.0803
-18.0954 -16.5506 6.4273
-18.4187 -16.2317 6.8559
-18.6622 -15.9353 7.3471
-18.8506 -15.5854 7.8283
-19.1046 -15.2317 8.2752
-19.4316 -14.9096 8.6988
-19.7748 -14.5824 9.1059
-20.0938 -14.2356 9.5162
-20.4612 -13.8825 9.8752
-20.8901 -13.572 10.2068
-21.2952 -13.2534 10.5596
-21.7301 -12.9505 10.8878
-22.1764 -12.7083 11.2496
-22.6008 -12.4386 11.6184
-23.0326 -12.1442 11.9607
-23.4015 -11.8429 12.3637
-23.7792 -11.5392 12.756
-24.2211 -11.2995 13.1263
-24.6176 -11.0973 13.5632
-24.9265 -10.9242 14.0771
-25.2042 -10.8113 14.6253
-25.473 -10.7143 15.1811
-25.6896 -10.5942 15.7543
-25.9347 -10.5008 16.3197
-26.227 -10.4569 16.8702
-26.5674 -10.4385 17.3921
-26.9828 -10.4372 17.8589
-27.3957 -10.468 18.3266
-27.817 -10.5172 18.7852
-28.2728 -10.5467 19.2117
-28.729 -10.5575 19.6387
-29.1459 -10.581 20.1029
-29.564 -10.6318 20.5641
-30.0445 -10.7313 20.9487
-30.5802 -10.8312 21.2527
-31.1226 -10.8302 21.5609
-31.641 -10.8099 21.9088
-32.1731 -10.8433 22.2341
-32.7191 -10.8952 22.5339
-33.2775 -10.879 22.8109
-33.8507 -10.7551 23.0249
-34.4259 -10.5464 23.1442
-35.0015 -10.3046 23.1575
-35.5807 -10.0789 23.2043
-36.1722 -9.907 23.3053
-36.7669 -9.7255 23.3569
-37.3543 -9.5294 23.4321
-37.9527 -9.3618 23.4833
-38.5396 -9.1719 23.3916
-39.0956 -8.9149 23.275
-39.6413 -8.6339 23.1611
-40.1587 -8.335 22.982
-40.6548 -8.0262 22.7619
-41.144 -7.7359 22.504
-41.6034 -7.4238 22.2175
-42.0589 -7.1324 21.9044
-42.4958 -6.8156 21.5907
-42.8689 -6.413 21.2936
-43.2092 -5.9587 21.0333
-43.5628 -5.4806 20.8417
-43.8935 -4.9818 20.6626
-44.2473 -4.5107 20.4571
-44.6302 -4.091 20.1982
-45.0487 -3.7277 19.9125
-45.4864 -3.3513 19.6766
-45.8771 -2.9344 19.425
-46.2552 -2.5504 19.1087
-46.6613 -2.2035 18.7848
-47.1096 -1.8501 18.5336
-47.5645 -1.4497 18.3826
-48.0095 -1.0314 18.2504
-48.4831 -0.63782 18.1501
-48.9652 -0.24177 18.1537
-49.4257 0.15916 18.2803
-49.5441 0.26002 18.3292
