-40.6051 -9.3137 2.8067
-40.7236 -8.8181 3.1681
-40.8575 -8.3559 3.5645
-41.0176 -7.9525 4.014
-41.227 -7.5869 4.4737
-41.4614 -7.2892 4.9689
-41.6736 -7.1012 5.5243
-41.8747 -6.9462 6.0947
-41.9777 -6.7295 6.6704
-42.0237 -6.4563 7.2302
-42.1253 -6.1671 7.7741
-42.2645 -5.9636 8.3468
-42.3612 -5.8596 8.9549
-42.4056 -5.8348 9.5771
-42.3622 -5.8731 10.198
-42.2414 -5.9213 10.8093
-42.123 -5.9949 11.4183
-42.0272 -6.1636 12.0111
-41.8777 -6.4096 12.5644
-41.6184 -6.6415 13.0827
-41.2884 -6.9052 13.5411
-40.9874 -7.272 13.9459
-40.6972 -7.6943 14.3019
-40.3071 -8.0891 14.5862
-39.8995 -8.4593 14.8803
-39.5261 -8.8244 15.2233
-39.1191 -9.1784 15.5375
-38.6653 -9.5095 15.8109
-38.2003 -9.845 16.0584
-37.7125 -10.1856 16.2476
-37.1836 -10.4833 16.3961
-36.6249 -10.7361 16.5146
-36.0486 -10.9599 16.6063
-35.4932 -11.2215 16.7199
-35.0044 -11.5648 16.8988
-34.5226 -11.9118 17.0908
-33.9782 -12.1887 17.2193
-33.4184 -12.4379 17.3411
-32.8538 -12.6841 17.4418
-32.272 -12.9074 17.4886
-31.6844 -13.1186 17.4945
-31.1174 -13.362 17.4022
-30.5957 -13.6462 17.2104
-30.1178 -13.9453 16.9415
-29.6621 -14.2139 16.6096
-29.191 -14.4135 16.2514
-28.7317 -14.5498 15.8516
-28.3362 -14.6354 15.3762
-27.9644 -14.7 14.878
-27.5466 -14.7399 14.4159
-27.1245 -14.8031 13.9609
-26.7473 -14.9176 13.476
-26.3477 -15.06 13.0182
-25.9313 -15.2199 12.5807
-25.5452 -15.3464 12.1061
-25.149 -15.4524 11.6349
-24.6875 -15.5948 11.2406
-24.1728 -15.724 10.9118
-23.6569 -15.8149 10.5712
-23.1664 -15.9346 10.2031
-22.6979 -16.1055 9.8269
-22.2908 -16.3638 9.4317
-21.9908 -16.6877 8.9907
-21.6961 -16.9965 8.5354
-21.2978 -17.2684 8.1401
-20.8006 -17.5127 7.8541
-20.2962 -17.8059 7.634
-19.8188 -18.1494 7.4228
-19.3118 -18.4719 7.2524
-18.8196 -18.8131 7.077
-18.348 -19.1649 6.8664
-17.8291 -19.4482 6.6671
-17.2564 -19.6225 6.4912
-16.6742 -19.7058 6.2824
-16.111 -19.6957 6.0139
-15.5861 -19.6592 5.6791
-15.1034 -19.6167 5.285
-14.6119 -19.5958 4.9012
-14.0993 -19.6157 4.5444
-13.579 -19.6755 4.205
-13.0695 -19.808 3.8683
-12.5849 -19.9922 3.52
-12.1562 -20.1823 3.1093
-11.802 -20.2999 2.6092
-11.5419 -20.4232 2.0563
-11.3799 -20.5942 1.4778
-11.2138 -20.7712 0.90231
-11.0498 -20.9964 0.34392
-10.9033 -21.2555 -0.20545
-10.7568 -21.4952 -0.76349
-10.5802 -21.7213 -1.3178
-10.3477 -21.8735 -1.8761
-10.063 -21.9134 -2.4296
-9.7516 -21.9695 -2.9673
-9.4448 -22.0538 -3.5048
-9.1912 -22.1031 -4.072
-9.0361 -22.1197 -4.6769
-8.85 -22.075 -5.2706
-8.5783 -22.0324 -5.8311
-8.3271 -21.9914 -6.4006
-8.1216 -21.9552 -6.9893
-7.8625 -21.929 -7.5565
-7.5544 -21.9145 -8.0995
-7.3082 -21.906 -8.672
-7.1064 -21.8955 -9.263
-6.8957 -21.9823 -9.8437
-6.7242 -22.1395 -10.4236
-6.5759 -22.2685 -11.0165
-6.4866 -22.4175 -11.6151
-6.3974 -22.6286 -12.1955
-6.3168 -22.8723 -12.7639
-6.2615 -23.1548 -13.318
-6.1165 -23.4885 -13.8246
-5.9774 -23.8586 -14.3076
-5.8682 -24.188 -14.8266
-5.6974 -24.4106 -15.3833
-5.5663 -24.5682 -15.9719
-5.582 -24.732 -16.5735
-5.6627 -24.9757 -17.1415
-5.71 -25.3036 -17.6712
-5.6809 -25.6825 -18.1658
-5.5422 -26.0883 -18.619
-5.3564 -26.4453 -19.0962
-5.17 -26.7944 -19.5793
-4.9232 -27.1707 -20.012
-4.6032 -27.5772 -20.3599
-4.2758 -27.9819 -20.7035
-4.027 -28.3922 -21.1019
-3.7645 -28.8298 -21.4598
-3.4644 -29.2779 -21.7747
-3.1974 -29.7209 -22.1243
-2.9192 -30.1535 -22.4787
-2.6749 -30.6276 -22.8031
-2.5334 -31.1544 -23.1057
-2.4532 -31.6941 -23.4098
-2.3346 -32.2274 -23.7119
-2.158 -32.7521 -24.0014
-1.9934 -33.2246 -24.3732
-1.8942 -33.7048 -24.7582
-1.819 -34.1996 -25.1314
-1.7989 -34.6604 -25.5514
-1.8872 -35.087 -25.9984
-2.0334 -35.5253 -26.4176
-2.13 -36.0088 -26.7997
-2.1831 -36.466 -27.2216
-2.2736 -36.8361 -27.7153
-2.3874 -37.1158 -28.2621
-2.5022 -37.3106 -28.8438
-2.5798 -37.5036 -29.4322
-2.6467 -37.7572 -29.9993
-2.7299 -37.9492 -30.359
