-5.2322 -33.8772 -28.3588
-5.3317 -33.8217 -28.1844
-5.569 -33.6483 -27.6348
-5.7488 -33.4247 -27.0802
-5.9507 -33.2199 -26.5264
-6.128 -33.0582 -25.9497
-6.2429 -32.8319 -25.3796
-6.3677 -32.5458 -24.8389
-6.4834 -32.2452 -24.3042
-6.4989 -31.9643 -23.7469
-6.5021 -31.7743 -23.1533
-6.5291 -31.6475 -22.5419
-6.5233 -31.4709 -21.9431
-6.5373 -31.2088 -21.3771
-6.6032 -30.9302 -20.8217
-6.6192 -30.6696 -20.2549
-6.5884 -30.3727 -19.7062
-6.5364 -30.0508 -19.1734
-6.5007 -29.7787 -18.6135
-6.5448 -29.5575 -18.0308
-6.5531 -29.3349 -17.448
-6.4613 -29.0907 -16.8806
-6.329 -28.8189 -16.3336
-6.2193 -28.4751 -15.8251
-6.1293 -28.1388 -15.308
-6.0639 -27.9076 -14.7319
-6.019 -27.7193 -14.1376
-5.9969 -27.5188 -13.5465
-6.0614 -27.3098 -12.9618
-6.2344 -27.1111 -12.396
-6.4233 -26.8863 -11.8451
-6.6169 -26.5943 -11.3291
-6.8463 -26.2618 -10.8522
-7.0777 -25.8817 -10.4147
-7.3222 -25.5199 -9.9699
-7.6165 -25.2465 -9.4922
-7.9671 -24.962 -9.0609
-8.2977 -24.6268 -8.6503
-8.567 -24.3006 -8.1913
-8.8137 -23.9483 -7.7395
-9.1122 -23.6099 -7.3095
-9.4043 -23.3406 -6.8281
-9.5986 -23.0916 -6.2899
-9.78 -22.8381 -5.7489
-9.9461 -22.5458 -5.223
-10.0896 -22.2375 -4.699
-10.32 -21.9802 -4.1799
-10.6309 -21.778 -3.6771
-10.9553 -21.5611 -3.1891
-11.2634 -21.2965 -2.7145
-11.5997 -21.0648 -2.2431
-11.9159 -20.8604 -1.7456
-12.1832 -20.6015 -1.2437
-12.4787 -20.3663 -0.74654
-12.8058 -20.228 -0.23322
-13.0936 -20.1359 0.31311
-13.3609 -20.0961 0.87539
-13.6423 -20.1292 1.4324
-13.9214 -20.213 1.9848
-14.2082 -20.3723 2.5164
-14.4983 -20.4976 3.0539
-14.7725 -20.5368 3.6141
-15.0103 -20.5904 4.1891
-15.1784 -20.7308 4.7729
-15.3072 -20.9992 5.3205
-15.5056 -21.2866 5.8369
-15.7872 -21.5051 6.3499
-16.1339 -21.6412 6.8499
-16.545 -21.7605 7.3036
-16.983 -21.8965 7.7278
-17.4102 -22.0335 8.1625
-17.7831 -22.1823 8.6401
-18.0695 -22.2534 9.1892
-18.3496 -22.211 9.7447
-18.6874 -22.0411 10.2402
-19.0494 -21.7717 10.672
-19.4478 -21.5403 11.0921
-19.8488 -21.3115 11.5112
-20.2043 -21.0317 11.942
-20.595 -20.7651 12.3483
-21.0375 -20.4519 12.6571
-21.4724 -20.1255 12.9635
-21.8505 -19.7987 13.3371
-22.1606 -19.4156 13.7209
-22.4817 -19.0714 14.1296
-22.8524 -18.8409 14.5758
-23.2348 -18.6571 15.0347
-23.6107 -18.4111 15.4672
-23.9536 -18.0972 15.8841
-24.2662 -17.8432 16.36
-24.6003 -17.6269 16.8412
-24.8946 -17.3851 17.3351
-25.1515 -17.1767 17.865
-25.4795 -17.0496 18.3798
-25.8249 -16.9053 18.8782
-26.1765 -16.7389 19.3659
-26.5302 -16.6304 19.869
-26.8615 -16.543 20.3916
-27.2504 -16.4999 20.8777
-27.6371 -16.4529 21.365
-28.0047 -16.3612 21.8616
-28.4459 -16.2917 22.2969
-28.9537 -16.2405 22.6568
-29.5095 -16.1997 22.9378
-30.1063 -16.1437 23.109
-30.7229 -16.0998 23.1952
-31.3447 -16.1042 23.2583
-31.9669 -16.0653 23.252
-32.5657 -15.9275 23.1458
-33.1365 -15.6926 23.0543
-33.6899 -15.4048 23.0158
-34.2234 -15.098 22.9141
-34.738 -14.8249 22.691
-35.2734 -14.6124 22.4503
-35.8425 -14.4416 22.2566
-36.3827 -14.229 22.03
-36.8436 -13.9452 21.7194
-37.2687 -13.6761 21.3491
-37.6539 -13.3759 20.9614
-38.0533 -13.0444 20.6161
-38.5164 -12.76 20.3076
-38.9763 -12.4674 20.0023
-39.4079 -12.1639 19.6682
-39.8133 -11.817 19.3458
-40.2043 -11.454 19.0226
-40.6194 -11.1941 18.6362
-41.0299 -10.9511 18.2337
-41.3919 -10.6409 17.8298
-41.7872 -10.3685 17.4322
-42.2464 -10.167 17.0595
-42.7132 -9.9774 16.6899
-43.1274 -9.7351 16.2916
-43.5014 -9.3937 15.927
-43.8235 -8.9932 15.5734
-44.1173 -8.5517 15.2452
-44.4216 -8.0972 14.9436
-44.729 -7.6455 14.6408
-45.0554 -7.2185 14.3235
-45.4041 -6.7973 14.0238
-45.7738 -6.3636 13.7676
-46.0965 -5.9091 13.4869
-46.4062 -5.4788 13.1593
-46.7644 -5.1277 12.7867
-47.1477 -4.811 12.408
-47.5175 -4.497 12.0144
-47.8384 -4.1597 11.5978
-48.0749 -3.835 11.1212
-48.2048 -3.5336 10.59
-48.2332 -3.4303 10.4113
