-2.4511 -36.6678 -40.0177
-2.4699 -36.6051 -39.3972
-2.5827 -36.4947 -38.7931
-2.768 -36.3955 -38.2048
-2.9925 -36.2453 -37.6426
-3.1618 -36.0486 -37.0757
-3.3373 -35.8514 -36.5111
-3.5508 -35.7019 -35.945
-3.6664 -35.6381 -35.3353
-3.7079 -35.516 -34.7255
-3.686 -35.2606 -34.1573
-3.6804 -34.9209 -33.6346
-3.724 -34.6018 -33.1
-3.7702 -34.2785 -32.5685
-3.7779 -33.948 -32.0401
-3.7611 -33.703 -31.4662
-3.7591 -33.5717 -30.857
-3.6612 -33.5352 -30.2424
-3.502 -33.4592 -29.6439
-3.4088 -33.3713 -29.0335
-3.3803 -33.3023 -28.4132
-3.3274 -33.1838 -27.8024
-3.2799 -33.0852 -27.188
-3.3322 -32.986 -26.5745
-3.4519 -32.9038 -25.9676
-3.5754 -32.8165 -25.3623
-3.7152 -32.6527 -24.7758
-3.9322 -32.4552 -24.2252
-4.217 -32.2545 -23.7065
-4.473 -32.0223 -23.1871
-4.7274 -31.7312 -22.697
-4.9704 -31.374 -22.2476
-5.1664 -30.9735 -21.8097
-5.3212 -30.6027 -21.3326
-5.4359 -30.3126 -20.7922
-5.5738 -30.0351 -20.2504
-5.7064 -29.6623 -19.7679
-5.7771 -29.2884 -19.2742
-5.8247 -29.0118 -18.7167
-5.8663 -28.7575 -18.1477
-5.9368 -28.4711 -17.5977
-5.987 -28.1999 -17.0388
-5.9796 -27.9608 -16.4615
-5.972 -27.6891 -15.8994
-5.9783 -27.3209 -15.3963
-5.9594 -26.9409 -14.9026
-5.9483 -26.6327 -14.3607
-5.9884 -26.2942 -13.8383
-6.0097 -25.9537 -13.3161
-6.0557 -25.6489 -12.7729
-6.1058 -25.313 -12.2484
-6.1824 -25.0058 -11.7109
-6.2592 -24.7384 -11.152
-6.3007 -24.5418 -10.5619
-6.36 -24.4274 -9.9503
-6.4613 -24.2617 -9.3579
-6.6534 -24.0249 -8.8133
-6.881 -23.7508 -8.3001
-7.114 -23.4465 -7.8067
-7.4088 -23.1513 -7.342
-7.7556 -22.9383 -6.8696
-8.1095 -22.7717 -6.3824
-8.3927 -22.5531 -5.872
-8.5379 -22.3325 -5.3072
-8.6863 -22.1612 -4.7264
-8.8821 -21.9898 -4.1585
-9.1045 -21.7827 -3.6133
-9.4244 -21.5446 -3.1335
-9.8308 -21.3385 -2.7074
-10.2659 -21.1227 -2.3159
-10.713 -20.9147 -1.9344
-11.1425 -20.8168 -1.493
-11.5376 -20.7972 -1.0097
-11.8798 -20.8021 -0.48839
-12.1191 -20.7711 0.08745
-12.3636 -20.7309 0.66039
-12.6025 -20.689 1.2354
-12.8356 -20.6165 1.8099
-13.1783 -20.5407 2.3253
-13.5771 -20.4179 2.7893
-13.9562 -20.2721 3.2636
-14.3173 -20.0951 3.7404
-14.6957 -19.8953 4.195
-15.129 -19.6899 4.5932
-15.5824 -19.3967 4.9065
-16.0253 -19.1024 5.2336
-16.4784 -18.8595 5.5887
-16.94 -18.6315 5.943
-17.4458 -18.448 6.2576
-17.9988 -18.3829 6.5379
-18.5569 -18.3375 6.8134
-19.1144 -18.2023 7.0606
-19.6738 -18.0163 7.2671
-20.2312 -17.7622 7.3826
-20.7702 -17.4673 7.4932
-21.2879 -17.1668 7.6722
-21.7583 -16.8548 7.9367
-22.2114 -16.5702 8.2593
-22.6823 -16.3086 8.5761
-23.1064 -16.0366 8.944
-23.5226 -15.7812 9.333
-24.0074 -15.6172 9.6894
-24.4741 -15.5128 10.0896
-24.8694 -15.4721 10.5699
-25.2326 -15.5004 11.0777
-25.564 -15.5532 11.6045
-25.8359 -15.6088 12.1639
-26.0692 -15.5694 12.7409
-26.3481 -15.434 13.2822
-26.6771 -15.2493 13.7802
-27.0155 -15.0429 14.2634
-27.3519 -14.9068 14.7706
-27.7019 -14.7841 15.2721
-28.0888 -14.6507 15.7438
-28.4703 -14.5113 16.2179
-28.8604 -14.3539 16.6796
-29.2719 -14.1778 17.1149
-29.7126 -13.9915 17.5158
-30.1973 -13.7888 17.8516
-30.7011 -13.5363 18.1217
-31.2106 -13.2501 18.3415
-31.7233 -12.9299 18.4993
-32.2791 -12.6765 18.6247
-32.8615 -12.5016 18.7684
-33.4459 -12.3105 18.8734
-34.0224 -12.0753 18.9259
-34.6058 -11.8553 18.9612
-35.2064 -11.6887 19.0015
-35.8216 -11.5919 19.0418
-36.4438 -11.5395 19.0675
-37.0614 -11.4679 19.1297
-37.6813 -11.4007 19.1548
-38.3032 -11.345 19.1268
-38.9214 -11.2725 19.0729
-39.5358 -11.2523 18.9671
-40.1421 -11.2656 18.8172
-40.7442 -11.2015 18.6652
-41.3236 -11.0437 18.4957
-41.8583 -10.8651 18.2288
-42.3706 -10.7193 17.9019
-42.8582 -10.5134 17.5722
-43.2734 -10.2149 17.2144
-43.67 -9.9505 16.8119
-44.0893 -9.6874 16.4324
-44.5492 -9.3667 16.1602
-45.0248 -9.06 15.8977
-45.4833 -8.805 15.5588
-45.9558 -8.6056 15.2019
-46.4789 -8.4682 14.8919
-47.0258 -8.3243 14.6276
-47.5578 -8.1715 14.3387
-48.1096 -8.0788 14.0612
-48.6436 -7.9678 13.7591
-49.0836 -7.8002 13.3507
-49.4947 -7.6764 12.8983
-49.9126 -7.5917 12.4418
-50.3074 -7.4678 11.9734
-50.6349 -7.2986 11.4708
-50.8923 -7.0892 10.9412
-51.1768 -6.8244 10.4533
-51.4991 -6.5891 9.9745
-51.7772 -6.419 9.4423
-52.0532 -6.2173 8.9203
-52.4037 -6.0071 8.4479
-52.7407 -5.8547 7.9459
-53.0435 -5.7645 7.4067
-53.3805 -5.715 6.8832
-53.7223 -5.7134 6.3603
-54.0665 -5.6695 5.8421
-54.4435 -5.6015 5.3488
-54.5721 -5.5841 5.1859
