-0.7786 -31.2507 -25.4889
-0.88761 -31.1354 -25.1038
-1.0721 -30.9621 -24.5327
-1.2126 -30.8435 -23.9365
-1.3717 -30.7367 -23.3434
-1.5684 -30.5852 -22.7706
-1.7239 -30.3884 -22.1982
-1.9041 -30.1146 -21.668
-2.1081 -29.7921 -21.1731
-2.2403 -29.4756 -20.6523
-2.3173 -29.1271 -20.1397
-2.3739 -28.777 -19.6259
-2.4273 -28.4569 -19.0921
-2.4644 -28.1024 -18.58
-2.5134 -27.7438 -18.0722
-2.6913 -27.412 -17.575
-2.892 -27.0544 -17.1042
-3.1051 -26.6974 -16.6389
-3.362 -26.3999 -16.1538
-3.6732 -26.1354 -15.6829
-4.056 -25.8993 -15.2493
-4.4183 -25.7426 -14.7664
-4.6968 -25.6283 -14.2197
-4.8826 -25.5287 -13.632
-5.0304 -25.4678 -13.0279
-5.1613 -25.3503 -12.4297
-5.3116 -25.1273 -11.8665
-5.4415 -24.8713 -11.3124
-5.4818 -24.5601 -10.7734
-5.4802 -24.2173 -10.251
-5.5307 -23.9316 -9.699
-5.5925 -23.7251 -9.1138
-5.6758 -23.5615 -8.5179
-5.8653 -23.376 -7.9525
-6.1424 -23.138 -7.4472
-6.469 -22.8628 -6.9909
-6.7974 -22.5721 -6.5457
-7.1052 -22.2508 -6.1071
-7.3783 -21.8681 -5.6964
-7.6417 -21.4636 -5.2995
-7.9482 -21.1045 -4.8911
-8.3291 -20.8441 -4.4719
-8.7109 -20.7062 -3.9985
-9.097 -20.6024 -3.5191
-9.4643 -20.4487 -3.0391
-9.7829 -20.275 -2.5303
-10.1623 -20.1667 -2.0478
-10.5853 -20.1885 -1.5901
-11.0485 -20.293 -1.186
-11.5617 -20.3955 -0.84439
-12.0687 -20.4553 -0.48465
-12.5402 -20.4372 -0.076207
-13.0173 -20.4413 0.32478
-13.5214 -20.5415 0.68
-14.0279 -20.7221 0.99671
-14.4837 -20.9727 1.3403
-14.8747 -21.1863 1.7769
-15.2403 -21.332 2.2622
-15.6118 -21.5148 2.7291
-16.019 -21.7191 3.1564
-16.4334 -21.8686 3.5992
-16.8461 -21.9682 4.0577
-17.2366 -22.0211 4.5419
-17.5923 -21.9802 5.0526
-17.9863 -21.8831 5.5271
-18.4404 -21.7922 5.9463
-18.9361 -21.6998 6.315
-19.4731 -21.5644 6.6013
-20.0101 -21.4072 6.8778
-20.4966 -21.2971 7.2527
-20.8961 -21.1666 7.7132
-21.2492 -21.0261 8.209
-21.6335 -20.8556 8.6695
-22.0392 -20.5673 9.0451
-22.3902 -20.2254 9.4305
-22.6836 -19.9337 9.898
-22.9067 -19.6465 10.4041
-23.0323 -19.3405 10.934
-23.1673 -18.999 11.4377
-23.396 -18.6183 11.876
-23.6774 -18.3129 12.341
-23.9935 -18.1253 12.8449
-24.3204 -17.9755 13.3556
-24.6457 -17.7816 13.8521
-25.0142 -17.5785 14.3141
-25.365 -17.3297 14.7658
-25.6829 -17.0004 15.191
-25.9928 -16.6486 15.6043
-26.3577 -16.3312 15.9972
-26.7626 -16.0525 16.3828
-27.0929 -15.7888 16.8414
-27.3478 -15.5488 17.3589
-27.5711 -15.3773 17.9154
-27.8445 -15.3025 18.4709
-28.1229 -15.2181 19.0224
-28.344 -15.0531 19.5828
-28.5831 -14.868 20.1296
-28.8379 -14.6776 20.6674
-29.1057 -14.4859 21.1983
-29.3791 -14.3225 21.736
-29.6239 -14.1453 22.2829
-29.8842 -13.9195 22.8035
-30.2343 -13.7094 23.2746
-30.6693 -13.5987 23.708
-31.1648 -13.5505 24.0847
-31.7064 -13.5275 24.395
-32.2913 -13.5437 24.6102
-32.9101 -13.5472 24.6858
-33.5311 -13.5814 24.6451
-34.1496 -13.6173 24.5719
-34.7607 -13.5413 24.4719
-35.3678 -13.472 24.3448
-35.9872 -13.5005 24.2747
-36.611 -13.5134 24.2627
-37.2293 -13.4445 24.2127
-37.8377 -13.3276 24.1332
-38.4392 -13.1697 24.071
-39.0451 -13.0404 23.993
-39.6513 -12.8993 23.9617
-40.2226 -12.6524 23.9278
-40.7336 -12.3271 23.7796
-41.1745 -11.953 23.5442
-41.5166 -11.5286 23.2418
-41.8245 -11.0769 22.94
-42.1998 -10.63 22.7189
-42.6082 -10.1969 22.5288
-42.9781 -9.7602 22.2799
-43.3691 -9.3558 22.0112
-43.8016 -9.023 21.7087
-44.2022 -8.7729 21.3016
-44.5918 -8.5867 20.8498
-44.9232 -8.3668 20.3699
-45.2262 -8.1336 19.8763
-45.5369 -7.9275 19.3752
-45.8529 -7.739 18.8705
-46.2487 -7.631 18.4013
-46.6456 -7.5429 17.9281
-47.0297 -7.4643 17.4427
-47.4289 -7.4544 16.9621
-47.8153 -7.5063 16.4744
-48.1936 -7.6729 16.0073
-48.5671 -7.9421 15.5854
-48.9385 -8.2993 15.2339
-49.2433 -8.7288 14.8998
-49.4757 -9.2011 14.5635
-49.5567 -9.3617 14.4585
