-44.1011 -7.4092 8.2636
-44.2723 -7.5503 8.6157
-44.5522 -7.7666 9.1304
-44.7489 -8.0673 9.6396
-44.8091 -8.3829 10.1737
-44.8101 -8.657 10.7353
-44.7949 -8.9358 11.2942
-44.736 -9.2559 11.8274
-44.6306 -9.6241 12.3207
-44.4524 -9.9855 12.7975
-44.2146 -10.3662 13.2307
-44.0121 -10.8426 13.5778
-43.9229 -11.3816 13.8792
-43.9223 -11.953 14.1305
-43.9536 -12.5276 14.3732
-44.0274 -13.1096 14.5839
-44.0985 -13.6917 14.7948
-44.1133 -14.2107 15.1397
-44.0386 -14.6867 15.5355
-43.9604 -15.1613 15.9325
-43.8819 -15.5996 16.3686
-43.662 -15.9783 16.8122
-43.3565 -16.359 17.2015
-43.0062 -16.7007 17.5876
-42.6328 -16.9945 17.9934
-42.2323 -17.2881 18.3722
-41.7678 -17.5704 18.6781
-41.2467 -17.8537 18.8721
-40.6851 -18.1164 18.938
-40.1144 -18.3695 18.9599
-39.5745 -18.6812 18.9676
-39.0388 -19.0005 18.9746
-38.462 -19.2263 19.0518
-37.8612 -19.3879 19.1008
-37.246 -19.4831 19.0581
-36.6331 -19.5728 18.9793
-36.026 -19.6931 18.8922
-35.4226 -19.8246 18.7976
-34.8242 -19.9597 18.6796
-34.2163 -20.0368 18.5593
-33.6066 -20.0841 18.4313
-32.9963 -20.1306 18.3067
-32.3838 -20.1948 18.2017
-31.7658 -20.2484 18.135
-31.1462 -20.2759 18.0654
-30.5514 -20.2833 17.878
-29.9871 -20.3396 17.6194
-29.424 -20.3989 17.3585
-28.8717 -20.3585 17.0701
-28.3619 -20.2606 16.723
-27.9114 -20.1231 16.3134
-27.5134 -19.942 15.8675
-27.1322 -19.7529 15.4101
-26.766 -19.5793 14.9344
-26.4347 -19.4401 14.4243
-26.1308 -19.3183 13.8923
-25.8152 -19.2033 13.3658
-25.4716 -19.056 12.8669
-25.1425 -18.8829 12.3658
-24.8247 -18.7889 11.8363
-24.4707 -18.7916 11.3227
-24.0767 -18.8001 10.8389
-23.6752 -18.8293 10.3631
-23.2715 -18.8865 9.8903
-22.843 -18.9026 9.4357
-22.3748 -18.9623 9.0275
-21.91 -19.0856 8.6294
-21.4707 -19.2177 8.205
-20.9977 -19.3394 7.8159
-20.4695 -19.4726 7.5114
-19.9159 -19.5578 7.2359
-19.3784 -19.5319 6.9201
-18.8264 -19.4838 6.6336
-18.2827 -19.4926 6.3288
-17.7646 -19.5791 5.9924
-17.261 -19.7856 5.6875
-16.7514 -20.0031 5.4005
-16.1819 -20.1588 5.1998
-15.6119 -20.3008 4.9915
-15.0969 -20.455 4.6738
-14.6397 -20.5859 4.2702
-14.2204 -20.6265 3.8096
-13.8216 -20.6837 3.3336
-13.4489 -20.8085 2.8477
-13.0776 -20.8538 2.349
-12.7421 -20.8283 1.823
-12.4611 -20.8218 1.2648
-12.1483 -20.7838 0.72665
-11.7899 -20.7264 0.21802
-11.451 -20.7413 -0.30599
-11.1353 -20.8486 -0.83403
-10.7649 -21.0194 -1.3054
-10.3283 -21.2424 -1.6921
-9.9334 -21.5529 -2.0612
-9.6533 -21.9142 -2.4853
-9.3873 -22.2896 -2.9066
-9.0642 -22.617 -3.3272
-8.6974 -22.8079 -3.7936
-8.2915 -22.887 -4.2617
-7.9351 -22.95 -4.7695
-7.6189 -23.0022 -5.3056
-7.3238 -23.0587 -5.8526
-7.1398 -23.1566 -6.4402
-7.0594 -23.2783 -7.0476
-7.0165 -23.4593 -7.6438
-7.0186 -23.7359 -8.2026
-7.0035 -24.0853 -8.7195
-6.8769 -24.4439 -9.2144
-6.7172 -24.7653 -9.7254
-6.5204 -25.0517 -10.2437
-6.2401 -25.2567 -10.7612
-5.9914 -25.4309 -11.3058
-5.8554 -25.657 -11.8714
-5.7813 -25.863 -12.4566
-5.7664 -26.0688 -13.0455
-5.8088 -26.3345 -13.6092
-5.8831 -26.6216 -14.1591
-6.0018 -26.9206 -14.6945
-6.1447 -27.2445 -15.2096
-6.2731 -27.5244 -15.7524
-6.4093 -27.7678 -16.3113
-6.5938 -28.0377 -16.8438
-6.7717 -28.3112 -17.3765
-6.9234 -28.6051 -17.9064
-7.0091 -28.9177 -18.4393
-6.9825 -29.204 -18.9935
-6.9105 -29.4843 -19.5475
-6.8583 -29.7981 -20.085
-6.8566 -30.1987 -20.5626
-6.9173 -30.6011 -21.035
-7.0228 -30.9846 -21.5162
-7.1502 -31.3397 -22.0124
-7.2916 -31.6194 -22.553
-7.4613 -31.931 -23.0666
-7.5918 -32.306 -23.548
-7.6361 -32.6631 -24.0579
-7.6231 -32.9897 -24.5903
-7.5488 -33.2952 -25.1297
-7.4253 -33.5097 -25.7024
-7.2475 -33.5986 -26.2933
-6.9908 -33.6606 -26.8587
-6.736 -33.7073 -27.4258
-6.5149 -33.7196 -28.0101
-6.3242 -33.8069 -28.5975
-6.1826 -33.9116 -29.1968
-6.0239 -33.943 -29.8
-5.7882 -33.8828 -30.3738
-5.6966 -33.8474 -30.5575
